n: 6 lambdaSpace: [4, 2]

B1 -> B2: 
⎡0 0 0 0.707107 -0.707107 0 0 0        0         0 0        0         0        0         0⎤
⎢0 0 0 0        0         0 0 0.707107 -0.707107 0 0        0         0        0         0⎥
⎢0 0 0 0        0         0 0 0        0         0 0.707107 -0.707107 0        0         0⎥
⎢0 0 0 0        0         0 0 0        0         0 0        0         0.707107 -0.707107 0⎥
⎢1 0 0 0        0         0 0 0        0         0 0        0         0        0         0⎥
⎢0 1 0 0        0         0 0 0        0         0 0        0         0        0         0⎥
⎢0 0 1 0        0         0 0 0        0         0 0        0         0        0         0⎥
⎢0 0 0 0.707107 0.707107  0 0 0        0         0 0        0         0        0         0⎥
⎢0 0 0 0        0         1 0 0        0         0 0        0         0        0         0⎥
⎢0 0 0 0        0         0 1 0        0         0 0        0         0        0         0⎥
⎢0 0 0 0        0         0 0 0.707107 0.707107  0 0        0         0        0         0⎥
⎢0 0 0 0        0         0 0 0        0         1 0        0         0        0         0⎥
⎢0 0 0 0        0         0 0 0        0         0 0.707107 0.707107  0        0         0⎥
⎢0 0 0 0        0         0 0 0        0         0 0        0         0.707107 0.707107  0⎥
⎣0 0 0 0        0         0 0 0        0         0 0        0         0        0         1⎦
# non-zero entries: 23 # total: 225

B2 -> B3: 
⎡1 0 0 0 0 0 0        0         0 0        0         0        0         0        0        ⎤
⎢0 0 0 0 0 0 0.816497 -0.577351 0 0        0         0        0         0        0        ⎥
⎢0 1 0 0 0 0 0        0         0 0        0         0        0         0        0        ⎥
⎢0 0 0 0 0 0 0        0         0 0.816497 -0.577351 0        0         0        0        ⎥
⎢0 0 1 0 0 0 0        0         0 0        0         0        0         0        0        ⎥
⎢0 0 0 0 0 0 0        0         0 0        0         0.816497 -0.577351 0        0        ⎥
⎢0 0 0 1 0 0 0        0         0 0        0         0        0         0        0        ⎥
⎢0 0 0 0 0 0 0        0         0 0        0         0        0         0.577351 -0.816497⎥
⎢0 0 0 0 1 0 0        0         0 0        0         0        0         0        0        ⎥
⎢0 0 0 0 0 1 0        0         0 0        0         0        0         0        0        ⎥
⎢0 0 0 0 0 0 0.57735  0.816497  0 0        0         0        0         0        0        ⎥
⎢0 0 0 0 0 0 0        0         1 0        0         0        0         0        0        ⎥
⎢0 0 0 0 0 0 0        0         0 0.57735  0.816497  0        0         0        0        ⎥
⎢0 0 0 0 0 0 0        0         0 0        0         0.57735  0.816497  0        0        ⎥
⎣0 0 0 0 0 0 0        0         0 0        0         0        0         0.816497 0.57735  ⎦
# non-zero entries: 23 # total: 225

B3 -> B4: 
⎡0 0 0 0 0.707107 0        -0.707107 0         0 0        0        0        0        0        0        ⎤
⎢0 0 0 0 0        0.707107 0         -0.707107 0 0        0        0        0        0        0        ⎥
⎢1 0 0 0 0        0        0         0         0 0        0        0        0        0        0        ⎥
⎢0 1 0 0 0        0        0         0         0 0        0        0        0        0        0        ⎥
⎢0 0 0 0 0        0        0         0         0 0.866026 -0.5     0        0        0        0        ⎥
⎢0 0 1 0 0        0        0         0         0 0        0        0        0        0        0        ⎥
⎢0 0 0 1 0        0        0         0         0 0        0        0        0        0        0        ⎥
⎢0 0 0 0 0        0        0         0         0 0        0        0.866026 -0.5     0        0        ⎥
⎢0 0 0 0 0.707107 0        0.707107  0         0 0        0        0        0        0        0        ⎥
⎢0 0 0 0 0        0.707107 0         0.707107  0 0        0        0        0        0        0        ⎥
⎢0 0 0 0 0        0        0         0         0 0        0        0        0        0.707107 -0.707107⎥
⎢0 0 0 0 0        0        0         0         1 0        0        0        0        0        0        ⎥
⎢0 0 0 0 0        0        0         0         0 0.5      0.866025 0        0        0        0        ⎥
⎢0 0 0 0 0        0        0         0         0 0        0        0.5      0.866025 0        0        ⎥
⎣0 0 0 0 0        0        0         0         0 0        0        0        0        0.707107 0.707107 ⎦
# non-zero entries: 25 # total: 225

B4 -> B5: 
⎡1 0 0 0 0 0        0        0        0         0         0         0        0         0        0        ⎤
⎢0 1 0 0 0 0        0        0        0         0         0         0        0         0        0        ⎥
⎢0 0 0 0 0 0.816498 0        0        -0.577351 0         0         0        0         0        0        ⎥
⎢0 0 0 0 0 0        0.816497 0        0         -0.577351 0         0        0         0        0        ⎥
⎢0 0 0 0 0 0        0        0.816497 0         0         -0.577351 0        0         0        0        ⎥
⎢0 0 1 0 0 0        0        0        0         0         0         0        0         0        0        ⎥
⎢0 0 0 1 0 0        0        0        0         0         0         0        0         0        0        ⎥
⎢0 0 0 0 1 0        0        0        0         0         0         0        0         0        0        ⎥
⎢0 0 0 0 0 0        0        0        0         0         0         0.894427 -0.447214 0        0        ⎥
⎢0 0 0 0 0 0.57735  0        0        0.816497  0         0         0        0         0        0        ⎥
⎢0 0 0 0 0 0        0.57735  0        0         0.816497  0         0        0         0        0        ⎥
⎢0 0 0 0 0 0        0        0.57735  0         0         0.816497  0        0         0        0        ⎥
⎢0 0 0 0 0 0        0        0        0         0         0         0        0         0.774597 -0.632456⎥
⎢0 0 0 0 0 0        0        0        0         0         0         0.447214 0.894427  0        0        ⎥
⎣0 0 0 0 0 0        0        0        0         0         0         0        0         0.632456 0.774597 ⎦
# non-zero entries: 25 # total: 225

B5 -> B6: 
⎡1 0 0 0 0 0        0        0        0        0         0        0        0        0        0       ⎤
⎢0 1 0 0 0 0        0        0        0        0         0        0        0        0        0       ⎥
⎢0 0 1 0 0 0        0        0        0        0         0        0        0        0        0       ⎥
⎢0 0 0 1 0 0        0        0        0        0         0        0        0        0        0       ⎥
⎢0 0 0 0 1 0        0        0        0        0         0        0        0        0        0       ⎥
⎢0 0 0 0 0 0.866027 0        0        0        -0.500001 0        0        0        0        0       ⎥
⎢0 0 0 0 0 0        0.866026 0        0        0         -0.5     0        0        0        0       ⎥
⎢0 0 0 0 0 0        0        0.866026 0        0         0        -0.5     0        0        0       ⎥
⎢0 0 0 0 0 0        0        0        0.866026 0         0        0        -0.5     0        0       ⎥
⎢0 0 0 0 0 0.5      0        0        0        0.866025  0        0        0        0        0       ⎥
⎢0 0 0 0 0 0        0.5      0        0        0         0.866026 0        0        0        0       ⎥
⎢0 0 0 0 0 0        0        0.5      0        0         0        0.866025 0        0        0       ⎥
⎢0 0 0 0 0 0        0        0        0.5      0         0        0        0.866025 0        0       ⎥
⎢0 0 0 0 0 0        0        0        0        0         0        0        0        0.816497 -0.57735⎥
⎣0 0 0 0 0 0        0        0        0        0         0        0        0        0.57735  0.816497⎦
# non-zero entries: 25 # total: 225
