n: 5 lambdaSpace: [2, 2, 1]

B1 -> B2: 
⎡0 0.707107 -0.707107 0        0         0 0 0        0         0 0        0         0        0         0        0         0        0         0        0         0 0        0         0        0         0        0         0 0        0        ⎤
⎢0 0        0         0.707107 -0.707107 0 0 0        0         0 0        0         0        0         0        0         0        0         0        0         0 0        0         0        0         0        0         0 0        0        ⎥
⎢0 0        0         0        0         0 0 0.707107 -0.707107 0 0        0         0        0         0        0         0        0         0        0         0 0        0         0        0         0        0         0 0        0        ⎥
⎢0 0        0         0        0         0 0 0        0         0 0.707107 -0.707107 0        0         0        0         0        0         0        0         0 0        0         0        0         0        0         0 0        0        ⎥
⎢0 0        0         0        0         0 0 0        0         0 0        0         0.707107 -0.707107 0        0         0        0         0        0         0 0        0         0        0         0        0         0 0        0        ⎥
⎢0 0        0         0        0         0 0 0        0         0 0        0         0        0         0.707107 -0.707107 0        0         0        0         0 0        0         0        0         0        0         0 0        0        ⎥
⎢0 0        0         0        0         0 0 0        0         0 0        0         0        0         0        0         0.707107 -0.707107 0        0         0 0        0         0        0         0        0         0 0        0        ⎥
⎢0 0        0         0        0         0 0 0        0         0 0        0         0        0         0        0         0        0         0.707107 -0.707107 0 0        0         0        0         0        0         0 0        0        ⎥
⎢0 0        0         0        0         0 0 0        0         0 0        0         0        0         0        0         0        0         0        0         0 0.707107 -0.707107 0        0         0        0         0 0        0        ⎥
⎢0 0        0         0        0         0 0 0        0         0 0        0         0        0         0        0         0        0         0        0         0 0        0         0.707107 -0.707107 0        0         0 0        0        ⎥
⎢0 0        0         0        0         0 0 0        0         0 0        0         0        0         0        0         0        0         0        0         0 0        0         0        0         0.707107 -0.707107 0 0        0        ⎥
⎢0 0        0         0        0         0 0 0        0         0 0        0         0        0         0        0         0        0         0        0         0 0        0         0        0         0        0         0 0.707107 -0.707107⎥
⎢1 0        0         0        0         0 0 0        0         0 0        0         0        0         0        0         0        0         0        0         0 0        0         0        0         0        0         0 0        0        ⎥
⎢0 0.707107 0.707107  0        0         0 0 0        0         0 0        0         0        0         0        0         0        0         0        0         0 0        0         0        0         0        0         0 0        0        ⎥
⎢0 0        0         0.707107 0.707107  0 0 0        0         0 0        0         0        0         0        0         0        0         0        0         0 0        0         0        0         0        0         0 0        0        ⎥
⎢0 0        0         0        0         1 0 0        0         0 0        0         0        0         0        0         0        0         0        0         0 0        0         0        0         0        0         0 0        0        ⎥
⎢0 0        0         0        0         0 1 0        0         0 0        0         0        0         0        0         0        0         0        0         0 0        0         0        0         0        0         0 0        0        ⎥
⎢0 0        0         0        0         0 0 0.707107 0.707107  0 0        0         0        0         0        0         0        0         0        0         0 0        0         0        0         0        0         0 0        0        ⎥
⎢0 0        0         0        0         0 0 0        0         1 0        0         0        0         0        0         0        0         0        0         0 0        0         0        0         0        0         0 0        0        ⎥
⎢0 0        0         0        0         0 0 0        0         0 0.707107 0.707107  0        0         0        0         0        0         0        0         0 0        0         0        0         0        0         0 0        0        ⎥
⎢0 0        0         0        0         0 0 0        0         0 0        0         0.707107 0.707107  0        0         0        0         0        0         0 0        0         0        0         0        0         0 0        0        ⎥
⎢0 0        0         0        0         0 0 0        0         0 0        0         0        0         0.707107 0.707107  0        0         0        0         0 0        0         0        0         0        0         0 0        0        ⎥
⎢0 0        0         0        0         0 0 0        0         0 0        0         0        0         0        0         0.707107 0.707107  0        0         0 0        0         0        0         0        0         0 0        0        ⎥
⎢0 0        0         0        0         0 0 0        0         0 0        0         0        0         0        0         0        0         0.707107 0.707107  0 0        0         0        0         0        0         0 0        0        ⎥
⎢0 0        0         0        0         0 0 0        0         0 0        0         0        0         0        0         0        0         0        0         1 0        0         0        0         0        0         0 0        0        ⎥
⎢0 0        0         0        0         0 0 0        0         0 0        0         0        0         0        0         0        0         0        0         0 0.707107 0.707107  0        0         0        0         0 0        0        ⎥
⎢0 0        0         0        0         0 0 0        0         0 0        0         0        0         0        0         0        0         0        0         0 0        0         0.707107 0.707107  0        0         0 0        0        ⎥
⎢0 0        0         0        0         0 0 0        0         0 0        0         0        0         0        0         0        0         0        0         0 0        0         0        0         0.707107 0.707107  0 0        0        ⎥
⎢0 0        0         0        0         0 0 0        0         0 0        0         0        0         0        0         0        0         0        0         0 0        0         0        0         0        0         1 0        0        ⎥
⎣0 0        0         0        0         0 0 0        0         0 0        0         0        0         0        0         0        0         0        0         0 0        0         0        0         0        0         0 0.707107 0.707107 ⎦
(# non-zero entries)/dimension = 54/30 = 1.8

B2 -> B3: 
⎡0 0 0 0 0.57735  -0.57735 0.57735   0 0        0        0         0 0        0        0        0         0        0        0        0        0        0         0         0        0         0        0         0         0        0       ⎤
⎢0 0 0 0 0        0        0         0 0.57735  -0.57735 0.57735   0 0        0        0        0         0        0        0        0        0        0         0         0        0         0        0         0         0        0       ⎥
⎢1 0 0 0 0        0        0         0 0        0        0         0 0        0        0        0         0        0        0        0        0        0         0         0        0         0        0         0         0        0       ⎥
⎢0 1 0 0 0        0        0         0 0        0        0         0 0        0        0        0         0        0        0        0        0        0         0         0        0         0        0         0         0        0       ⎥
⎢0 0 1 0 0        0        0         0 0        0        0         0 0        0        0        0         0        0        0        0        0        0         0         0        0         0        0         0         0        0       ⎥
⎢0 0 0 1 0        0        0         0 0        0        0         0 0        0        0        0         0        0        0        0        0        0         0         0        0         0        0         0         0        0       ⎥
⎢0 0 0 0 0.816497 0.408248 -0.408248 0 0        0        0         0 0        0        0        0         0        0        0        0        0        0         0         0        0         0        0         0         0        0       ⎥
⎢0 0 0 0 0        0.707107 0.707107  0 0        0        0         0 0        0        0        0         0        0        0        0        0        0         0         0        0         0        0         0         0        0       ⎥
⎢0 0 0 0 0        0        0         1 0        0        0         0 0        0        0        0         0        0        0        0        0        0         0         0        0         0        0         0         0        0       ⎥
⎢0 0 0 0 0        0        0         0 0.816497 0.408248 -0.408248 0 0        0        0        0         0        0        0        0        0        0         0         0        0         0        0         0         0        0       ⎥
⎢0 0 0 0 0        0        0         0 0        0.707107 0.707107  0 0        0        0        0         0        0        0        0        0        0         0         0        0         0        0         0         0        0       ⎥
⎢0 0 0 0 0        0        0         0 0        0        0         1 0        0        0        0         0        0        0        0        0        0         0         0        0         0        0         0         0        0       ⎥
⎢0 0 0 0 0        0        0         0 0        0        0         0 0.816497 -0.57735 0        0         0        0        0        0        0        0         0         0        0         0        0         0         0        0       ⎥
⎢0 0 0 0 0        0        0         0 0        0        0         0 0        0        0.57735  -0.816497 0        0        0        0        0        0         0         0        0         0        0         0         0        0       ⎥
⎢0 0 0 0 0        0        0         0 0        0        0         0 0        0        0        0         0.816497 -0.57735 0        0        0        0         0         0        0         0        0         0         0        0       ⎥
⎢0 0 0 0 0        0        0         0 0        0        0         0 0        0        0        0         0        0        0.816497 -0.57735 0        0         0         0        0         0        0         0         0        0       ⎥
⎢0 0 0 0 0        0        0         0 0        0        0         0 0        0        0        0         0        0        0        0        0        0.707107  -0.707107 0        0         0        0         0         0        0       ⎥
⎢0 0 0 0 0        0        0         0 0        0        0         0 0        0        0        0         0        0        0        0        0.816497 -0.408248 -0.408248 0        0         0        0         0         0        0       ⎥
⎢0 0 0 0 0        0        0         0 0        0        0         0 0        0        0        0         0        0        0        0        0        0         0         0.57735  -0.816497 0        0         0         0        0       ⎥
⎢0 0 0 0 0        0        0         0 0        0        0         0 0        0        0        0         0        0        0        0        0        0         0         0        0         0        0.707107  -0.707107 0        0       ⎥
⎢0 0 0 0 0        0        0         0 0        0        0         0 0        0        0        0         0        0        0        0        0        0         0         0        0         0.816497 -0.408248 -0.408248 0        0       ⎥
⎢0 0 0 0 0        0        0         0 0        0        0         0 0        0        0        0         0        0        0        0        0        0         0         0        0         0        0         0         0.816497 -0.57735⎥
⎢0 0 0 0 0        0        0         0 0        0        0         0 0.57735  0.816497 0        0         0        0        0        0        0        0         0         0        0         0        0         0         0        0       ⎥
⎢0 0 0 0 0        0        0         0 0        0        0         0 0        0        0.816497 0.57735   0        0        0        0        0        0         0         0        0         0        0         0         0        0       ⎥
⎢0 0 0 0 0        0        0         0 0        0        0         0 0        0        0        0         0.57735  0.816497 0        0        0        0         0         0        0         0        0         0         0        0       ⎥
⎢0 0 0 0 0        0        0         0 0        0        0         0 0        0        0        0         0        0        0.57735  0.816497 0        0         0         0        0         0        0         0         0        0       ⎥
⎢0 0 0 0 0        0        0         0 0        0        0         0 0        0        0        0         0        0        0        0        0.57735  0.57735   0.57735   0        0         0        0         0         0        0       ⎥
⎢0 0 0 0 0        0        0         0 0        0        0         0 0        0        0        0         0        0        0        0        0        0         0         0.816497 0.57735   0        0         0         0        0       ⎥
⎢0 0 0 0 0        0        0         0 0        0        0         0 0        0        0        0         0        0        0        0        0        0         0         0        0         0.57735  0.57735   0.57735   0        0       ⎥
⎣0 0 0 0 0        0        0         0 0        0        0         0 0        0        0        0         0        0        0        0        0        0         0         0        0         0        0         0         0.57735  0.816497⎦
(# non-zero entries)/dimension = 62/30 = 2.06667

B3 -> B4: 
⎡1 0 0        0         0        0         0         0         0        0         0         0         0        0         0        0         0         0         0        0         0         0         0        0         0        0         0         0        0         0        ⎤
⎢0 1 0        0         0        0         0         0         0        0         0         0         0        0         0        0         0         0         0        0         0         0         0        0         0        0         0         0        0         0        ⎥
⎢0 0 0        0         0.612373 -0.612373 -0.25     0.433013  0        0         0         0         0        0         0        0         0         0         0        0         0         0         0        0         0        0         0         0        0         0        ⎥
⎢0 0 0        0         0        0         0         0         0.612373 -0.25     -0.433013 0.612373  0        0         0        0         0         0         0        0         0         0         0        0         0        0         0         0        0         0        ⎥
⎢0 0 0        0         0        0         0         0         0        0         0         0         0        0         0.612373 -0.612373 -0.25     0.433013  0        0         0         0         0        0         0        0         0         0        0         0        ⎥
⎢0 0 0        0         0        0         0         0         0        0         0         0         0        0         0        0         0         0         0.612373 -0.25     -0.433013 0.612373  0        0         0        0         0         0        0         0        ⎥
⎢0 0 0.707107 -0.707107 0        0         0         0         0        0         0         0         0        0         0        0         0         0         0        0         0         0         0        0         0        0         0         0        0         0        ⎥
⎢0 0 0        0         0.5      0.5       -0.612373 -0.353553 0        0         0         0         0        0         0        0         0         0         0        0         0         0         0        0         0        0         0         0        0         0        ⎥
⎢0 0 0        0         0        0         0         0         0.5      -0.612373 0.353553  -0.5      0        0         0        0         0         0         0        0         0         0         0        0         0        0         0         0        0         0        ⎥
⎢0 0 0        0         0        0         0         0         0        0         0         0         0.707107 -0.707107 0        0         0         0         0        0         0         0         0        0         0        0         0         0        0         0        ⎥
⎢0 0 0        0         0        0         0         0         0        0         0         0         0        0         0.5      0.5       -0.612373 -0.353553 0        0         0         0         0        0         0        0         0         0        0         0        ⎥
⎢0 0 0        0         0        0         0         0         0        0         0         0         0        0         0        0         0         0         0.5      -0.612373 0.353554  -0.5      0        0         0        0         0         0        0         0        ⎥
⎢0 0 0.707107 0.707107  0        0         0         0         0        0         0         0         0        0         0        0         0         0         0        0         0         0         0        0         0        0         0         0        0         0        ⎥
⎢0 0 0        0         0.612373 0.204124  0.75      -0.144337 0        0         0         0         0        0         0        0         0         0         0        0         0         0         0        0         0        0         0         0        0         0        ⎥
⎢0 0 0        0         0        0.57735   0         0.816496  0        0         0         0         0        0         0        0         0         0         0        0         0         0         0        0         0        0         0         0        0         0        ⎥
⎢0 0 0        0         0        0         0         0         0.612373 0.75      0.144337  -0.204124 0        0         0        0         0         0         0        0         0         0         0        0         0        0         0         0        0         0        ⎥
⎢0 0 0        0         0        0         0         0         0        0         0.816497  0.57735   0        0         0        0         0         0         0        0         0         0         0        0         0        0         0         0        0         0        ⎥
⎢0 0 0        0         0        0         0         0         0        0         0         0         0.707107 0.707107  0        0         0         0         0        0         0         0         0        0         0        0         0         0        0         0        ⎥
⎢0 0 0        0         0        0         0         0         0        0         0         0         0        0         0.612373 0.204124  0.75      -0.144337 0        0         0         0         0        0         0        0         0         0        0         0        ⎥
⎢0 0 0        0         0        0         0         0         0        0         0         0         0        0         0        0.577351  0         0.816497  0        0         0         0         0        0         0        0         0         0        0         0        ⎥
⎢0 0 0        0         0        0         0         0         0        0         0         0         0        0         0        0         0         0         0.612373 0.75      0.144338  -0.204124 0        0         0        0         0         0        0         0        ⎥
⎢0 0 0        0         0        0         0         0         0        0         0         0         0        0         0        0         0         0         0        0         0.816497  0.57735   0        0         0        0         0         0        0         0        ⎥
⎢0 0 0        0         0        0         0         0         0        0         0         0         0        0         0        0         0         0         0        0         0         0         0.707107 -0.707107 0        0         0         0        0         0        ⎥
⎢0 0 0        0         0        0         0         0         0        0         0         0         0        0         0        0         0         0         0        0         0         0         0        0         0        0.816497  -0.577351 0        0         0        ⎥
⎢0 0 0        0         0        0         0         0         0        0         0         0         0        0         0        0         0         0         0        0         0         0         0        0         0.866026 -0.288675 -0.408249 0        0         0        ⎥
⎢0 0 0        0         0        0         0         0         0        0         0         0         0        0         0        0         0         0         0        0         0         0         0        0         0        0         0         0        0.577351  -0.816497⎥
⎢0 0 0        0         0        0         0         0         0        0         0         0         0        0         0        0         0         0         0        0         0         0         0        0         0        0         0         0.866026 -0.408248 -0.288675⎥
⎢0 0 0        0         0        0         0         0         0        0         0         0         0        0         0        0         0         0         0        0         0         0         0.707107 0.707107  0        0         0         0        0         0        ⎥
⎢0 0 0        0         0        0         0         0         0        0         0         0         0        0         0        0         0         0         0        0         0         0         0        0         0.5      0.5       0.707107  0        0         0        ⎥
⎣0 0 0        0         0        0         0         0         0        0         0         0         0        0         0        0         0         0         0        0         0         0         0        0         0        0         0         0.5      0.707107  0.5      ⎦
(# non-zero entries)/dimension = 86/30 = 2.86667

B4 -> B5: 
⎡0.707107 -0.707107 0        0         0        0         0        0         0        0        0        0        0        0         0         0         0         0        0         0         0         0         0        0         0         0         0         0        0         0        ⎤
⎢0        0         0.707107 -0.707107 0        0         0        0         0        0        0        0        0        0         0         0         0         0        0         0         0         0         0        0         0         0         0         0        0         0        ⎥
⎢0        0         0        0         0.707107 -0.707107 0        0         0        0        0        0        0        0         0         0         0         0        0         0         0         0         0        0         0         0         0         0        0         0        ⎥
⎢0        0         0        0         0        0         0.707108 -0.500001 0.500001 0        0        0        0        0         0         0         0         0        0         0         0         0         0        0         0         0         0         0        0         0        ⎥
⎢0        0         0        0         0        0         0        0         0        0.707107 -0.5     0.5      0        0         0         0         0         0        0         0         0         0         0        0         0         0         0         0        0         0        ⎥
⎢0.707107 0.707107  0        0         0        0         0        0         0        0        0        0        0        0         0         0         0         0        0         0         0         0         0        0         0         0         0         0        0         0        ⎥
⎢0        0         0.707107 0.707107  0        0         0        0         0        0        0        0        0        0         0         0         0         0        0         0         0         0         0        0         0         0         0         0        0         0        ⎥
⎢0        0         0        0         0.707107 0.707107  0        0         0        0        0        0        0        0         0         0         0         0        0         0         0         0         0        0         0         0         0         0        0         0        ⎥
⎢0        0         0        0         0        0         0        0         0        0        0        0        0.632456 -0.182574 -0.516398 -0.182574 0.516398  0        0         0         0         0         0        0         0         0         0         0        0         0        ⎥
⎢0        0         0        0         0        0         0        0         0        0        0        0        0        0         0         0         0         0.632456 -0.182574 -0.516398 -0.182574 0.516398  0        0         0         0         0         0        0         0        ⎥
⎢0        0         0        0         0        0         0        0         0        0        0        0        0        0         0         0         0         0        0         0         0         0         0.632455 -0.182574 -0.516398 -0.182574 0.516398  0        0         0        ⎥
⎢0        0         0        0         0        0         0.707107 0.5       -0.5     0        0        0        0        0         0         0         0         0        0         0         0         0         0        0         0         0         0         0        0         0        ⎥
⎢0        0         0        0         0        0         0        0.707107  0.707107 0        0        0        0        0         0         0         0         0        0         0         0         0         0        0         0         0         0         0        0         0        ⎥
⎢0        0         0        0         0        0         0        0         0        0.707107 0.5      -0.5     0        0         0         0         0         0        0         0         0         0         0        0         0         0         0         0        0         0        ⎥
⎢0        0         0        0         0        0         0        0         0        0        0.707107 0.707107 0        0         0         0         0         0        0         0         0         0         0        0         0         0         0         0        0         0        ⎥
⎢0        0         0        0         0        0         0        0         0        0        0        0        0        0.707108  0         -0.707108 0         0        0         0         0         0         0        0         0         0         0         0        0         0        ⎥
⎢0        0         0        0         0        0         0        0         0        0        0        0        0.577351 -0.333334 0.471405  -0.333334 -0.471405 0        0         0         0         0         0        0         0         0         0         0        0         0        ⎥
⎢0        0         0        0         0        0         0        0         0        0        0        0        0        0         0         0         0         0        0.707107  0         -0.707107 0         0        0         0         0         0         0        0         0        ⎥
⎢0        0         0        0         0        0         0        0         0        0        0        0        0        0         0         0         0         0.577351 -0.333334 0.471405  -0.333334 -0.471405 0        0         0         0         0         0        0         0        ⎥
⎢0        0         0        0         0        0         0        0         0        0        0        0        0        0         0         0         0         0        0         0         0         0         0        0.707107  0         -0.707107 0         0        0         0        ⎥
⎢0        0         0        0         0        0         0        0         0        0        0        0        0        0         0         0         0         0        0         0         0         0         0.577351 -0.333334 0.471405  -0.333334 -0.471405 0        0         0        ⎥
⎢0        0         0        0         0        0         0        0         0        0        0        0        0.516398 0.596285  0.105409  0.596285  -0.105409 0        0         0         0         0         0        0         0         0         0         0        0         0        ⎥
⎢0        0         0        0         0        0         0        0         0        0        0        0        0        0         0.707107  0         0.707107  0        0         0         0         0         0        0         0         0         0         0        0         0        ⎥
⎢0        0         0        0         0        0         0        0         0        0        0        0        0        0         0         0         0         0.516398 0.596285  0.105409  0.596285  -0.105409 0        0         0         0         0         0        0         0        ⎥
⎢0        0         0        0         0        0         0        0         0        0        0        0        0        0         0         0         0         0        0         0.707107  0         0.707107  0        0         0         0         0         0        0         0        ⎥
⎢0        0         0        0         0        0         0        0         0        0        0        0        0        0         0         0         0         0        0         0         0         0         0.516398 0.596285  0.105409  0.596285  -0.105409 0        0         0        ⎥
⎢0        0         0        0         0        0         0        0         0        0        0        0        0        0         0         0         0         0        0         0         0         0         0        0         0.707107  0         0.707107  0        0         0        ⎥
⎢0        0         0        0         0        0         0        0         0        0        0        0        0        0         0         0         0         0        0         0         0         0         0        0         0         0         0         0        0.707107  -0.707107⎥
⎢0        0         0        0         0        0         0        0         0        0        0        0        0        0         0         0         0         0        0         0         0         0         0        0         0         0         0         0.894428 -0.316228 -0.316228⎥
⎣0        0         0        0         0        0         0        0         0        0        0        0        0        0         0         0         0         0        0         0         0         0         0        0         0         0         0         0.447214 0.632456  0.632456 ⎦
(# non-zero entries)/dimension = 93/30 = 3.1
