n: 6 lambdaSpace: [4, 1, 1]

B1 -> B2: 
⎡-0.707107 0.707107 0         0        0         0        0         0        0 0         0        0 0         0        0 0 0         0        0 0 0         0        0 0 0 0         0        0 0 0⎤
⎢0         0        -0.707107 0.707107 0         0        0         0        0 0         0        0 0         0        0 0 0         0        0 0 0         0        0 0 0 0         0        0 0 0⎥
⎢0         0        0         0        -0.707107 0.707107 0         0        0 0         0        0 0         0        0 0 0         0        0 0 0         0        0 0 0 0         0        0 0 0⎥
⎢0         0        0         0        0         0        -0.707107 0.707107 0 0         0        0 0         0        0 0 0         0        0 0 0         0        0 0 0 0         0        0 0 0⎥
⎢0         0        0         0        0         0        0         0        0 -0.707107 0.707107 0 0         0        0 0 0         0        0 0 0         0        0 0 0 0         0        0 0 0⎥
⎢0         0        0         0        0         0        0         0        0 0         0        0 -0.707107 0.707107 0 0 0         0        0 0 0         0        0 0 0 0         0        0 0 0⎥
⎢0         0        0         0        0         0        0         0        0 0         0        0 0         0        0 0 -0.707107 0.707107 0 0 0         0        0 0 0 0         0        0 0 0⎥
⎢0         0        0         0        0         0        0         0        0 0         0        0 0         0        0 0 0         0        0 0 -0.707107 0.707107 0 0 0 0         0        0 0 0⎥
⎢0         0        0         0        0         0        0         0        0 0         0        0 0         0        0 0 0         0        0 0 0         0        0 0 0 -0.707107 0.707107 0 0 0⎥
⎢0.707107  0.707107 0         0        0         0        0         0        0 0         0        0 0         0        0 0 0         0        0 0 0         0        0 0 0 0         0        0 0 0⎥
⎢0         0        0.707107  0.707107 0         0        0         0        0 0         0        0 0         0        0 0 0         0        0 0 0         0        0 0 0 0         0        0 0 0⎥
⎢0         0        0         0        0.707107  0.707107 0         0        0 0         0        0 0         0        0 0 0         0        0 0 0         0        0 0 0 0         0        0 0 0⎥
⎢0         0        0         0        0         0        0.707107  0.707107 0 0         0        0 0         0        0 0 0         0        0 0 0         0        0 0 0 0         0        0 0 0⎥
⎢0         0        0         0        0         0        0         0        1 0         0        0 0         0        0 0 0         0        0 0 0         0        0 0 0 0         0        0 0 0⎥
⎢0         0        0         0        0         0        0         0        0 0.707107  0.707107 0 0         0        0 0 0         0        0 0 0         0        0 0 0 0         0        0 0 0⎥
⎢0         0        0         0        0         0        0         0        0 0         0        1 0         0        0 0 0         0        0 0 0         0        0 0 0 0         0        0 0 0⎥
⎢0         0        0         0        0         0        0         0        0 0         0        0 0.707107  0.707107 0 0 0         0        0 0 0         0        0 0 0 0         0        0 0 0⎥
⎢0         0        0         0        0         0        0         0        0 0         0        0 0         0        1 0 0         0        0 0 0         0        0 0 0 0         0        0 0 0⎥
⎢0         0        0         0        0         0        0         0        0 0         0        0 0         0        0 1 0         0        0 0 0         0        0 0 0 0         0        0 0 0⎥
⎢0         0        0         0        0         0        0         0        0 0         0        0 0         0        0 0 0.707107  0.707107 0 0 0         0        0 0 0 0         0        0 0 0⎥
⎢0         0        0         0        0         0        0         0        0 0         0        0 0         0        0 0 0         0        1 0 0         0        0 0 0 0         0        0 0 0⎥
⎢0         0        0         0        0         0        0         0        0 0         0        0 0         0        0 0 0         0        0 1 0         0        0 0 0 0         0        0 0 0⎥
⎢0         0        0         0        0         0        0         0        0 0         0        0 0         0        0 0 0         0        0 0 0.707107  0.707107 0 0 0 0         0        0 0 0⎥
⎢0         0        0         0        0         0        0         0        0 0         0        0 0         0        0 0 0         0        0 0 0         0        1 0 0 0         0        0 0 0⎥
⎢0         0        0         0        0         0        0         0        0 0         0        0 0         0        0 0 0         0        0 0 0         0        0 1 0 0         0        0 0 0⎥
⎢0         0        0         0        0         0        0         0        0 0         0        0 0         0        0 0 0         0        0 0 0         0        0 0 1 0         0        0 0 0⎥
⎢0         0        0         0        0         0        0         0        0 0         0        0 0         0        0 0 0         0        0 0 0         0        0 0 0 0.707107  0.707107 0 0 0⎥
⎢0         0        0         0        0         0        0         0        0 0         0        0 0         0        0 0 0         0        0 0 0         0        0 0 0 0         0        1 0 0⎥
⎢0         0        0         0        0         0        0         0        0 0         0        0 0         0        0 0 0         0        0 0 0         0        0 0 0 0         0        0 1 0⎥
⎣0         0        0         0        0         0        0         0        0 0         0        0 0         0        0 0 0         0        0 0 0         0        0 0 0 0         0        0 0 1⎦
(# non-zero entries)/dimension = 48/30 = 1.6

B2 -> B3: 
⎡0.57735   -0.57735 0.57735  0 0 0 0 0 0 0         0         0        0        0        0        0        0        0        0 0        0        0 0        0        0 0 0        0        0 0⎤
⎢0.707107  0.707107 0        0 0 0 0 0 0 0         0         0        0        0        0        0        0        0        0 0        0        0 0        0        0 0 0        0        0 0⎥
⎢-0.408248 0.408248 0.816497 0 0 0 0 0 0 0         0         0        0        0        0        0        0        0        0 0        0        0 0        0        0 0 0        0        0 0⎥
⎢0         0        0        1 0 0 0 0 0 0         0         0        0        0        0        0        0        0        0 0        0        0 0        0        0 0 0        0        0 0⎥
⎢0         0        0        0 1 0 0 0 0 0         0         0        0        0        0        0        0        0        0 0        0        0 0        0        0 0 0        0        0 0⎥
⎢0         0        0        0 0 1 0 0 0 0         0         0        0        0        0        0        0        0        0 0        0        0 0        0        0 0 0        0        0 0⎥
⎢0         0        0        0 0 0 1 0 0 0         0         0        0        0        0        0        0        0        0 0        0        0 0        0        0 0 0        0        0 0⎥
⎢0         0        0        0 0 0 0 1 0 0         0         0        0        0        0        0        0        0        0 0        0        0 0        0        0 0 0        0        0 0⎥
⎢0         0        0        0 0 0 0 0 1 0         0         0        0        0        0        0        0        0        0 0        0        0 0        0        0 0 0        0        0 0⎥
⎢0         0        0        0 0 0 0 0 0 -0.408248 -0.408248 0.816497 0        0        0        0        0        0        0 0        0        0 0        0        0 0 0        0        0 0⎥
⎢0         0        0        0 0 0 0 0 0 -0.707107 0.707107  0        0        0        0        0        0        0        0 0        0        0 0        0        0 0 0        0        0 0⎥
⎢0         0        0        0 0 0 0 0 0 0         0         0        -0.57735 0.816497 0        0        0        0        0 0        0        0 0        0        0 0 0        0        0 0⎥
⎢0         0        0        0 0 0 0 0 0 0         0         0        0        0        -0.57735 0.816497 0        0        0 0        0        0 0        0        0 0 0        0        0 0⎥
⎢0         0        0        0 0 0 0 0 0 0         0         0        0        0        0        0        -0.57735 0.816497 0 0        0        0 0        0        0 0 0        0        0 0⎥
⎢0         0        0        0 0 0 0 0 0 0         0         0        0        0        0        0        0        0        0 -0.57735 0.816497 0 0        0        0 0 0        0        0 0⎥
⎢0         0        0        0 0 0 0 0 0 0         0         0        0        0        0        0        0        0        0 0        0        0 -0.57735 0.816497 0 0 0        0        0 0⎥
⎢0         0        0        0 0 0 0 0 0 0         0         0        0        0        0        0        0        0        0 0        0        0 0        0        0 0 -0.57735 0.816497 0 0⎥
⎢0         0        0        0 0 0 0 0 0 0.57735   0.57735   0.57735  0        0        0        0        0        0        0 0        0        0 0        0        0 0 0        0        0 0⎥
⎢0         0        0        0 0 0 0 0 0 0         0         0        0.816497 0.57735  0        0        0        0        0 0        0        0 0        0        0 0 0        0        0 0⎥
⎢0         0        0        0 0 0 0 0 0 0         0         0        0        0        0.816497 0.57735  0        0        0 0        0        0 0        0        0 0 0        0        0 0⎥
⎢0         0        0        0 0 0 0 0 0 0         0         0        0        0        0        0        0.816497 0.57735  0 0        0        0 0        0        0 0 0        0        0 0⎥
⎢0         0        0        0 0 0 0 0 0 0         0         0        0        0        0        0        0        0        1 0        0        0 0        0        0 0 0        0        0 0⎥
⎢0         0        0        0 0 0 0 0 0 0         0         0        0        0        0        0        0        0        0 0.816497 0.57735  0 0        0        0 0 0        0        0 0⎥
⎢0         0        0        0 0 0 0 0 0 0         0         0        0        0        0        0        0        0        0 0        0        1 0        0        0 0 0        0        0 0⎥
⎢0         0        0        0 0 0 0 0 0 0         0         0        0        0        0        0        0        0        0 0        0        0 0.816497 0.57735  0 0 0        0        0 0⎥
⎢0         0        0        0 0 0 0 0 0 0         0         0        0        0        0        0        0        0        0 0        0        0 0        0        1 0 0        0        0 0⎥
⎢0         0        0        0 0 0 0 0 0 0         0         0        0        0        0        0        0        0        0 0        0        0 0        0        0 1 0        0        0 0⎥
⎢0         0        0        0 0 0 0 0 0 0         0         0        0        0        0        0        0        0        0 0        0        0 0        0        0 0 0.816497 0.57735  0 0⎥
⎢0         0        0        0 0 0 0 0 0 0         0         0        0        0        0        0        0        0        0 0        0        0 0        0        0 0 0        0        1 0⎥
⎣0         0        0        0 0 0 0 0 0 0         0         0        0        0        0        0        0        0        0 0        0        0 0        0        0 0 0        0        0 1⎦
(# non-zero entries)/dimension = 52/30 = 1.73333

B3 -> B4: 
⎡1 0         0         0         0        0 0 0 0 0         0         0         0        0 0 0 0 0         0         0        0        0        0        0        0        0        0 0        0        0⎤
⎢0 0.433013  -0.25     -0.612373 0.612373 0 0 0 0 0         0         0         0        0 0 0 0 0         0         0        0        0        0        0        0        0        0 0        0        0⎥
⎢0 0         0         0         0        0 0 0 0 0.433013  -0.25     -0.612373 0.612373 0 0 0 0 0         0         0        0        0        0        0        0        0        0 0        0        0⎥
⎢0 -0.353553 -0.612373 0.5       0.5      0 0 0 0 0         0         0         0        0 0 0 0 0         0         0        0        0        0        0        0        0        0 0        0        0⎥
⎢0 0         0         0         0        0 0 0 0 -0.353553 -0.612373 0.5       0.5      0 0 0 0 0         0         0        0        0        0        0        0        0        0 0        0        0⎥
⎢0 0.816496  0         0.57735   0        0 0 0 0 0         0         0         0        0 0 0 0 0         0         0        0        0        0        0        0        0        0 0        0        0⎥
⎢0 -0.144337 0.75      0.204124  0.612373 0 0 0 0 0         0         0         0        0 0 0 0 0         0         0        0        0        0        0        0        0        0 0        0        0⎥
⎢0 0         0         0         0        1 0 0 0 0         0         0         0        0 0 0 0 0         0         0        0        0        0        0        0        0        0 0        0        0⎥
⎢0 0         0         0         0        0 1 0 0 0         0         0         0        0 0 0 0 0         0         0        0        0        0        0        0        0        0 0        0        0⎥
⎢0 0         0         0         0        0 0 1 0 0         0         0         0        0 0 0 0 0         0         0        0        0        0        0        0        0        0 0        0        0⎥
⎢0 0         0         0         0        0 0 0 1 0         0         0         0        0 0 0 0 0         0         0        0        0        0        0        0        0        0 0        0        0⎥
⎢0 0         0         0         0        0 0 0 0 0.816497  0         0.577351  0        0 0 0 0 0         0         0        0        0        0        0        0        0        0 0        0        0⎥
⎢0 0         0         0         0        0 0 0 0 -0.144337 0.75      0.204124  0.612373 0 0 0 0 0         0         0        0        0        0        0        0        0        0 0        0        0⎥
⎢0 0         0         0         0        0 0 0 0 0         0         0         0        1 0 0 0 0         0         0        0        0        0        0        0        0        0 0        0        0⎥
⎢0 0         0         0         0        0 0 0 0 0         0         0         0        0 1 0 0 0         0         0        0        0        0        0        0        0        0 0        0        0⎥
⎢0 0         0         0         0        0 0 0 0 0         0         0         0        0 0 1 0 0         0         0        0        0        0        0        0        0        0 0        0        0⎥
⎢0 0         0         0         0        0 0 0 0 0         0         0         0        0 0 0 1 0         0         0        0        0        0        0        0        0        0 0        0        0⎥
⎢0 0         0         0         0        0 0 0 0 0         0         0         0        0 0 0 0 -0.408249 -0.288675 0.866026 0        0        0        0        0        0        0 0        0        0⎥
⎢0 0         0         0         0        0 0 0 0 0         0         0         0        0 0 0 0 -0.577351 0.816497  0        0        0        0        0        0        0        0 0        0        0⎥
⎢0 0         0         0         0        0 0 0 0 0         0         0         0        0 0 0 0 0         0         0        -0.5     0.866026 0        0        0        0        0 0        0        0⎥
⎢0 0         0         0         0        0 0 0 0 0         0         0         0        0 0 0 0 0         0         0        0        0        -0.5     0.866026 0        0        0 0        0        0⎥
⎢0 0         0         0         0        0 0 0 0 0         0         0         0        0 0 0 0 0         0         0        0        0        0        0        -0.5     0.866026 0 0        0        0⎥
⎢0 0         0         0         0        0 0 0 0 0         0         0         0        0 0 0 0 0         0         0        0        0        0        0        0        0        0 -0.5     0.866026 0⎥
⎢0 0         0         0         0        0 0 0 0 0         0         0         0        0 0 0 0 0.707107  0.5       0.5      0        0        0        0        0        0        0 0        0        0⎥
⎢0 0         0         0         0        0 0 0 0 0         0         0         0        0 0 0 0 0         0         0        0.866025 0.5      0        0        0        0        0 0        0        0⎥
⎢0 0         0         0         0        0 0 0 0 0         0         0         0        0 0 0 0 0         0         0        0        0        0.866025 0.5      0        0        0 0        0        0⎥
⎢0 0         0         0         0        0 0 0 0 0         0         0         0        0 0 0 0 0         0         0        0        0        0        0        0.866025 0.5      0 0        0        0⎥
⎢0 0         0         0         0        0 0 0 0 0         0         0         0        0 0 0 0 0         0         0        0        0        0        0        0        0        1 0        0        0⎥
⎢0 0         0         0         0        0 0 0 0 0         0         0         0        0 0 0 0 0         0         0        0        0        0        0        0        0        0 0.866025 0.5      0⎥
⎣0 0         0         0         0        0 0 0 0 0         0         0         0        0 0 0 0 0         0         0        0        0        0        0        0        0        0 0        0        1⎦
(# non-zero entries)/dimension = 63/30 = 2.1

B4 -> B5: 
⎡1 0 0 0 0 0          0         0         0        0 0 0          0         0         0        0 0 0          0         0         0        0 0 0         0         0        0         0        0         0       ⎤
⎢0 1 0 0 0 0          0         0         0        0 0 0          0         0         0        0 0 0          0         0         0        0 0 0         0         0        0         0        0         0       ⎥
⎢0 0 1 0 0 0          0         0         0        0 0 0          0         0         0        0 0 0          0         0         0        0 0 0         0         0        0         0        0         0       ⎥
⎢0 0 0 0 0 0.365149   -0.258199 -0.632456 0.632456 0 0 0          0         0         0        0 0 0          0         0         0        0 0 0         0         0        0         0        0         0       ⎥
⎢0 0 0 0 0 0          0         0         0        0 0 0.365149   -0.258199 -0.632456 0.632456 0 0 0          0         0         0        0 0 0         0         0        0         0        0         0       ⎥
⎢0 0 0 0 0 0          0         0         0        0 0 0          0         0         0        0 0 0.365148   -0.258199 -0.632455 0.632455 0 0 0         0         0        0         0        0         0       ⎥
⎢0 0 0 1 0 0          0         0         0        0 0 0          0         0         0        0 0 0          0         0         0        0 0 0         0         0        0         0        0         0       ⎥
⎢0 0 0 0 1 0          0         0         0        0 0 0          0         0         0        0 0 0          0         0         0        0 0 0         0         0        0         0        0         0       ⎥
⎢0 0 0 0 0 -0.333334  -0.471405 0.577351  0.577351 0 0 0          0         0         0        0 0 0          0         0         0        0 0 0         0         0        0         0        0         0       ⎥
⎢0 0 0 0 0 0          0         0         0        0 0 -0.333334  -0.471405 0.577351  0.577351 0 0 0          0         0         0        0 0 0         0         0        0         0        0         0       ⎥
⎢0 0 0 0 0 0          0         0         0        0 0 0          0         0         0        0 0 -0.333334  -0.471405 0.57735   0.57735  0 0 0         0         0        0         0        0         0       ⎥
⎢0 0 0 0 0 0.866025   0         0.5       0        0 0 0          0         0         0        0 0 0          0         0         0        0 0 0         0         0        0         0        0         0       ⎥
⎢0 0 0 0 0 -0.0745355 0.843274  0.1291    0.516398 0 0 0          0         0         0        0 0 0          0         0         0        0 0 0         0         0        0         0        0         0       ⎥
⎢0 0 0 0 0 0          0         0         0        1 0 0          0         0         0        0 0 0          0         0         0        0 0 0         0         0        0         0        0         0       ⎥
⎢0 0 0 0 0 0          0         0         0        0 1 0          0         0         0        0 0 0          0         0         0        0 0 0         0         0        0         0        0         0       ⎥
⎢0 0 0 0 0 0          0         0         0        0 0 0.866026   0         0.5       0        0 0 0          0         0         0        0 0 0         0         0        0         0        0         0       ⎥
⎢0 0 0 0 0 0          0         0         0        0 0 -0.0745355 0.843274  0.129099  0.516398 0 0 0          0         0         0        0 0 0         0         0        0         0        0         0       ⎥
⎢0 0 0 0 0 0          0         0         0        0 0 0          0         0         0        1 0 0          0         0         0        0 0 0         0         0        0         0        0         0       ⎥
⎢0 0 0 0 0 0          0         0         0        0 0 0          0         0         0        0 1 0          0         0         0        0 0 0         0         0        0         0        0         0       ⎥
⎢0 0 0 0 0 0          0         0         0        0 0 0          0         0         0        0 0 0.866025   0         0.5       0        0 0 0         0         0        0         0        0         0       ⎥
⎢0 0 0 0 0 0          0         0         0        0 0 0          0         0         0        0 0 -0.0745354 0.843274  0.129099  0.516398 0 0 0         0         0        0         0        0         0       ⎥
⎢0 0 0 0 0 0          0         0         0        0 0 0          0         0         0        0 0 0          0         0         0        1 0 0         0         0        0         0        0         0       ⎥
⎢0 0 0 0 0 0          0         0         0        0 0 0          0         0         0        0 0 0          0         0         0        0 1 0         0         0        0         0        0         0       ⎥
⎢0 0 0 0 0 0          0         0         0        0 0 0          0         0         0        0 0 0          0         0         0        0 0 -0.387298 -0.223607 0.894428 0         0        0         0       ⎥
⎢0 0 0 0 0 0          0         0         0        0 0 0          0         0         0        0 0 0          0         0         0        0 0 -0.5      0.866026  0        0         0        0         0       ⎥
⎢0 0 0 0 0 0          0         0         0        0 0 0          0         0         0        0 0 0          0         0         0        0 0 0         0         0        -0.447214 0.894428 0         0       ⎥
⎢0 0 0 0 0 0          0         0         0        0 0 0          0         0         0        0 0 0          0         0         0        0 0 0         0         0        0         0        -0.447214 0.894428⎥
⎢0 0 0 0 0 0          0         0         0        0 0 0          0         0         0        0 0 0          0         0         0        0 0 0.774596  0.447214  0.447214 0         0        0         0       ⎥
⎢0 0 0 0 0 0          0         0         0        0 0 0          0         0         0        0 0 0          0         0         0        0 0 0         0         0        0.894427  0.447214 0         0       ⎥
⎣0 0 0 0 0 0          0         0         0        0 0 0          0         0         0        0 0 0          0         0         0        0 0 0         0         0        0         0        0.894427  0.447214⎦
(# non-zero entries)/dimension = 69/30 = 2.3

B5 -> B6: 
⎡1 0 0 0 0 0 0 0 0 0 0 0          0         0         0        0          0         0         0        0          0         0         0        0          0         0         0        0         0         0       ⎤
⎢0 1 0 0 0 0 0 0 0 0 0 0          0         0         0        0          0         0         0        0          0         0         0        0          0         0         0        0         0         0       ⎥
⎢0 0 1 0 0 0 0 0 0 0 0 0          0         0         0        0          0         0         0        0          0         0         0        0          0         0         0        0         0         0       ⎥
⎢0 0 0 1 0 0 0 0 0 0 0 0          0         0         0        0          0         0         0        0          0         0         0        0          0         0         0        0         0         0       ⎥
⎢0 0 0 0 1 0 0 0 0 0 0 0          0         0         0        0          0         0         0        0          0         0         0        0          0         0         0        0         0         0       ⎥
⎢0 0 0 0 0 1 0 0 0 0 0 0          0         0         0        0          0         0         0        0          0         0         0        0          0         0         0        0         0         0       ⎥
⎢0 0 0 0 0 0 0 0 0 0 0 0.322749   -0.25     -0.645498 0.645498 0          0         0         0        0          0         0         0        0          0         0         0        0         0         0       ⎥
⎢0 0 0 0 0 0 0 0 0 0 0 0          0         0         0        0.322749   -0.25     -0.645497 0.645497 0          0         0         0        0          0         0         0        0         0         0       ⎥
⎢0 0 0 0 0 0 0 0 0 0 0 0          0         0         0        0          0         0         0        0.322749   -0.25     -0.645497 0.645497 0          0         0         0        0         0         0       ⎥
⎢0 0 0 0 0 0 0 0 0 0 0 0          0         0         0        0          0         0         0        0          0         0         0        0.322748   -0.25     -0.645497 0.645497 0         0         0       ⎥
⎢0 0 0 0 0 0 1 0 0 0 0 0          0         0         0        0          0         0         0        0          0         0         0        0          0         0         0        0         0         0       ⎥
⎢0 0 0 0 0 0 0 1 0 0 0 0          0         0         0        0          0         0         0        0          0         0         0        0          0         0         0        0         0         0       ⎥
⎢0 0 0 0 0 0 0 0 1 0 0 0          0         0         0        0          0         0         0        0          0         0         0        0          0         0         0        0         0         0       ⎥
⎢0 0 0 0 0 0 0 0 0 1 0 0          0         0         0        0          0         0         0        0          0         0         0        0          0         0         0        0         0         0       ⎥
⎢0 0 0 0 0 0 0 0 0 0 1 0          0         0         0        0          0         0         0        0          0         0         0        0          0         0         0        0         0         0       ⎥
⎢0 0 0 0 0 0 0 0 0 0 0 -0.306187  -0.395285 0.612374  0.612374 0          0         0         0        0          0         0         0        0          0         0         0        0         0         0       ⎥
⎢0 0 0 0 0 0 0 0 0 0 0 0          0         0         0        -0.306187  -0.395285 0.612373  0.612373 0          0         0         0        0          0         0         0        0         0         0       ⎥
⎢0 0 0 0 0 0 0 0 0 0 0 0          0         0         0        0          0         0         0        -0.306186  -0.395285 0.612373  0.612373 0          0         0         0        0         0         0       ⎥
⎢0 0 0 0 0 0 0 0 0 0 0 0          0         0         0        0          0         0         0        0          0         0         0        -0.306186  -0.395285 0.612373  0.612373 0         0         0       ⎥
⎢0 0 0 0 0 0 0 0 0 0 0 0.894427   0         0.447214  0        0          0         0         0        0          0         0         0        0          0         0         0        0         0         0       ⎥
⎢0 0 0 0 0 0 0 0 0 0 0 -0.0456436 0.883883  0.0912871 0.456436 0          0         0         0        0          0         0         0        0          0         0         0        0         0         0       ⎥
⎢0 0 0 0 0 0 0 0 0 0 0 0          0         0         0        0.894428   0         0.447214  0        0          0         0         0        0          0         0         0        0         0         0       ⎥
⎢0 0 0 0 0 0 0 0 0 0 0 0          0         0         0        -0.0456435 0.883884  0.0912871 0.456435 0          0         0         0        0          0         0         0        0         0         0       ⎥
⎢0 0 0 0 0 0 0 0 0 0 0 0          0         0         0        0          0         0         0        0.894427   0         0.447213  0        0          0         0         0        0         0         0       ⎥
⎢0 0 0 0 0 0 0 0 0 0 0 0          0         0         0        0          0         0         0        -0.0456436 0.883883  0.0912871 0.456435 0          0         0         0        0         0         0       ⎥
⎢0 0 0 0 0 0 0 0 0 0 0 0          0         0         0        0          0         0         0        0          0         0         0        0.894427   0         0.447214  0        0         0         0       ⎥
⎢0 0 0 0 0 0 0 0 0 0 0 0          0         0         0        0          0         0         0        0          0         0         0        -0.0456436 0.883883  0.0912871 0.456435 0         0         0       ⎥
⎢0 0 0 0 0 0 0 0 0 0 0 0          0         0         0        0          0         0         0        0          0         0         0        0          0         0         0        -0.365149 -0.182574 0.912872⎥
⎢0 0 0 0 0 0 0 0 0 0 0 0          0         0         0        0          0         0         0        0          0         0         0        0          0         0         0        -0.447214 0.894428  0       ⎥
⎣0 0 0 0 0 0 0 0 0 0 0 0          0         0         0        0          0         0         0        0          0         0         0        0          0         0         0        0.816497  0.408248  0.408248⎦
(# non-zero entries)/dimension = 75/30 = 2.5
