n: 5 lambdaSpace: [3, 1, 1]

B1 -> B2: 
⎡0 0 0.707107 -0.707107 0 0 0        0         0 0        0         0 0        0         0        0         0        0         0        0        ⎤
⎢0 0 0        0         0 0 0.707107 -0.707107 0 0        0         0 0        0         0        0         0        0         0        0        ⎥
⎢0 0 0        0         0 0 0        0         0 0.707107 -0.707107 0 0        0         0        0         0        0         0        0        ⎥
⎢0 0 0        0         0 0 0        0         0 0        0         0 0.707107 -0.707107 0        0         0        0         0        0        ⎥
⎢0 0 0        0         0 0 0        0         0 0        0         0 0        0         0.707107 -0.707107 0        0         0        0        ⎥
⎢0 0 0        0         0 0 0        0         0 0        0         0 0        0         0        0         0.707107 -0.707107 0        0        ⎥
⎢0 0 0        0         0 0 0        0         0 0        0         0 0        0         0        0         0        0         0.707107 -0.707107⎥
⎢1 0 0        0         0 0 0        0         0 0        0         0 0        0         0        0         0        0         0        0        ⎥
⎢0 1 0        0         0 0 0        0         0 0        0         0 0        0         0        0         0        0         0        0        ⎥
⎢0 0 0.707107 0.707107  0 0 0        0         0 0        0         0 0        0         0        0         0        0         0        0        ⎥
⎢0 0 0        0         1 0 0        0         0 0        0         0 0        0         0        0         0        0         0        0        ⎥
⎢0 0 0        0         0 1 0        0         0 0        0         0 0        0         0        0         0        0         0        0        ⎥
⎢0 0 0        0         0 0 0.707107 0.707107  0 0        0         0 0        0         0        0         0        0         0        0        ⎥
⎢0 0 0        0         0 0 0        0         1 0        0         0 0        0         0        0         0        0         0        0        ⎥
⎢0 0 0        0         0 0 0        0         0 0.707107 0.707107  0 0        0         0        0         0        0         0        0        ⎥
⎢0 0 0        0         0 0 0        0         0 0        0         1 0        0         0        0         0        0         0        0        ⎥
⎢0 0 0        0         0 0 0        0         0 0        0         0 0.707107 0.707107  0        0         0        0         0        0        ⎥
⎢0 0 0        0         0 0 0        0         0 0        0         0 0        0         0.707107 0.707107  0        0         0        0        ⎥
⎢0 0 0        0         0 0 0        0         0 0        0         0 0        0         0        0         0.707107 0.707107  0        0        ⎥
⎣0 0 0        0         0 0 0        0         0 0        0         0 0        0         0        0         0        0         0.707107 0.707107 ⎦
(# non-zero entries)/dimension = 34/20 = 1.7

B2 -> B3: 
⎡0 0 0 0 0.57735  -0.57735 0.57735   0 0        0        0 0        0        0        0        0        0        0        0         0        ⎤
⎢1 0 0 0 0        0        0         0 0        0        0 0        0        0        0        0        0        0        0         0        ⎥
⎢0 1 0 0 0        0        0         0 0        0        0 0        0        0        0        0        0        0        0         0        ⎥
⎢0 0 1 0 0        0        0         0 0        0        0 0        0        0        0        0        0        0        0         0        ⎥
⎢0 0 0 1 0        0        0         0 0        0        0 0        0        0        0        0        0        0        0         0        ⎥
⎢0 0 0 0 0.816497 0.408248 -0.408248 0 0        0        0 0        0        0        0        0        0        0        0         0        ⎥
⎢0 0 0 0 0        0.707107 0.707107  0 0        0        0 0        0        0        0        0        0        0        0         0        ⎥
⎢0 0 0 0 0        0        0         0 0.816497 -0.57735 0 0        0        0        0        0        0        0        0         0        ⎥
⎢0 0 0 0 0        0        0         0 0        0        0 0.816497 -0.57735 0        0        0        0        0        0         0        ⎥
⎢0 0 0 0 0        0        0         0 0        0        0 0        0        0.816497 -0.57735 0        0        0        0         0        ⎥
⎢0 0 0 0 0        0        0         0 0        0        0 0        0        0        0        0.816497 -0.57735 0        0         0        ⎥
⎢0 0 0 0 0        0        0         0 0        0        0 0        0        0        0        0        0        0        0.707107  -0.707107⎥
⎢0 0 0 0 0        0        0         0 0        0        0 0        0        0        0        0        0        0.816497 -0.408248 -0.408248⎥
⎢0 0 0 0 0        0        0         1 0        0        0 0        0        0        0        0        0        0        0         0        ⎥
⎢0 0 0 0 0        0        0         0 0.57735  0.816497 0 0        0        0        0        0        0        0        0         0        ⎥
⎢0 0 0 0 0        0        0         0 0        0        1 0        0        0        0        0        0        0        0         0        ⎥
⎢0 0 0 0 0        0        0         0 0        0        0 0.57735  0.816497 0        0        0        0        0        0         0        ⎥
⎢0 0 0 0 0        0        0         0 0        0        0 0        0        0.57735  0.816497 0        0        0        0         0        ⎥
⎢0 0 0 0 0        0        0         0 0        0        0 0        0        0        0        0.57735  0.816497 0        0         0        ⎥
⎣0 0 0 0 0        0        0         0 0        0        0 0        0        0        0        0        0        0.57735  0.57735   0.57735  ⎦
(# non-zero entries)/dimension = 38/20 = 1.9

B3 -> B4: 
⎡1 0 0 0        0         0         0         0 0 0        0         0         0         0        0        0        0        0        0         0        ⎤
⎢0 0 0 0.612373 -0.612373 -0.25     0.433013  0 0 0        0         0         0         0        0        0        0        0        0         0        ⎥
⎢0 0 0 0        0         0         0         0 0 0.612373 -0.612373 -0.25     0.433013  0        0        0        0        0        0         0        ⎥
⎢0 0 0 0.5      0.5       -0.612373 -0.353553 0 0 0        0         0         0         0        0        0        0        0        0         0        ⎥
⎢0 0 0 0        0         0         0         0 0 0.5      0.5       -0.612373 -0.353553 0        0        0        0        0        0         0        ⎥
⎢0 1 0 0        0         0         0         0 0 0        0         0         0         0        0        0        0        0        0         0        ⎥
⎢0 0 1 0        0         0         0         0 0 0        0         0         0         0        0        0        0        0        0         0        ⎥
⎢0 0 0 0.612373 0.204124  0.75      -0.144337 0 0 0        0         0         0         0        0        0        0        0        0         0        ⎥
⎢0 0 0 0        0.57735   0         0.816496  0 0 0        0         0         0         0        0        0        0        0        0         0        ⎥
⎢0 0 0 0        0         0         0         1 0 0        0         0         0         0        0        0        0        0        0         0        ⎥
⎢0 0 0 0        0         0         0         0 1 0        0         0         0         0        0        0        0        0        0         0        ⎥
⎢0 0 0 0        0         0         0         0 0 0.612373 0.204124  0.75      -0.144337 0        0        0        0        0        0         0        ⎥
⎢0 0 0 0        0         0         0         0 0 0        0.577351  0         0.816497  0        0        0        0        0        0         0        ⎥
⎢0 0 0 0        0         0         0         0 0 0        0         0         0         0.866026 -0.5     0        0        0        0         0        ⎥
⎢0 0 0 0        0         0         0         0 0 0        0         0         0         0        0        0.866026 -0.5     0        0         0        ⎥
⎢0 0 0 0        0         0         0         0 0 0        0         0         0         0        0        0        0        0        0.816497  -0.577351⎥
⎢0 0 0 0        0         0         0         0 0 0        0         0         0         0        0        0        0        0.866026 -0.288675 -0.408249⎥
⎢0 0 0 0        0         0         0         0 0 0        0         0         0         0.5      0.866025 0        0        0        0         0        ⎥
⎢0 0 0 0        0         0         0         0 0 0        0         0         0         0        0        0.5      0.866025 0        0         0        ⎥
⎣0 0 0 0        0         0         0         0 0 0        0         0         0         0        0        0        0        0.5      0.5       0.707107 ⎦
(# non-zero entries)/dimension = 49/20 = 2.45

B4 -> B5: 
⎡1 0 0 0 0 0        0         0         0          0        0         0         0          0        0         0         0          0        0         0        ⎤
⎢0 1 0 0 0 0        0         0         0          0        0         0         0          0        0         0         0          0        0         0        ⎥
⎢0 0 1 0 0 0        0         0         0          0        0         0         0          0        0         0         0          0        0         0        ⎥
⎢0 0 0 0 0 0.632456 -0.632456 -0.258199 0.365149   0        0         0         0          0        0         0         0          0        0         0        ⎥
⎢0 0 0 0 0 0        0         0         0          0.632456 -0.632456 -0.258199 0.365149   0        0         0         0          0        0         0        ⎥
⎢0 0 0 0 0 0        0         0         0          0        0         0         0          0.632455 -0.632455 -0.258199 0.365148   0        0         0        ⎥
⎢0 0 0 1 0 0        0         0         0          0        0         0         0          0        0         0         0          0        0         0        ⎥
⎢0 0 0 0 1 0        0         0         0          0        0         0         0          0        0         0         0          0        0         0        ⎥
⎢0 0 0 0 0 0.577351 0.577351  -0.471405 -0.333334  0        0         0         0          0        0         0         0          0        0         0        ⎥
⎢0 0 0 0 0 0        0         0         0          0.577351 0.577351  -0.471405 -0.333334  0        0         0         0          0        0         0        ⎥
⎢0 0 0 0 0 0        0         0         0          0        0         0         0          0.57735  0.57735   -0.471405 -0.333334  0        0         0        ⎥
⎢0 0 0 0 0 0.516398 0.1291    0.843274  -0.0745355 0        0         0         0          0        0         0         0          0        0         0        ⎥
⎢0 0 0 0 0 0        0.5       0         0.866025   0        0         0         0          0        0         0         0          0        0         0        ⎥
⎢0 0 0 0 0 0        0         0         0          0.516398 0.129099  0.843274  -0.0745355 0        0         0         0          0        0         0        ⎥
⎢0 0 0 0 0 0        0         0         0          0        0.5       0         0.866026   0        0         0         0          0        0         0        ⎥
⎢0 0 0 0 0 0        0         0         0          0        0         0         0          0.516398 0.129099  0.843274  -0.0745354 0        0         0        ⎥
⎢0 0 0 0 0 0        0         0         0          0        0         0         0          0        0.5       0         0.866025   0        0         0        ⎥
⎢0 0 0 0 0 0        0         0         0          0        0         0         0          0        0         0         0          0        0.866026  -0.5     ⎥
⎢0 0 0 0 0 0        0         0         0          0        0         0         0          0        0         0         0          0.894428 -0.223607 -0.387298⎥
⎣0 0 0 0 0 0        0         0         0          0        0         0         0          0        0         0         0          0.447214 0.447214  0.774596 ⎦
(# non-zero entries)/dimension = 55/20 = 2.75
