n: 6 lambdaSpace: [3, 3]

B1 -> B2: 
⎡0 0 0.707107 -0.707107 0 0        0         0        0         0 0 0        0         0        0         0 0        0         0 0⎤
⎢0 0 0        0         0 0.707107 -0.707107 0        0         0 0 0        0         0        0         0 0        0         0 0⎥
⎢0 0 0        0         0 0        0         0.707107 -0.707107 0 0 0        0         0        0         0 0        0         0 0⎥
⎢0 0 0        0         0 0        0         0        0         0 0 0.707107 -0.707107 0        0         0 0        0         0 0⎥
⎢0 0 0        0         0 0        0         0        0         0 0 0        0         0.707107 -0.707107 0 0        0         0 0⎥
⎢0 0 0        0         0 0        0         0        0         0 0 0        0         0        0         0 0.707107 -0.707107 0 0⎥
⎢1 0 0        0         0 0        0         0        0         0 0 0        0         0        0         0 0        0         0 0⎥
⎢0 1 0        0         0 0        0         0        0         0 0 0        0         0        0         0 0        0         0 0⎥
⎢0 0 0.707107 0.707107  0 0        0         0        0         0 0 0        0         0        0         0 0        0         0 0⎥
⎢0 0 0        0         1 0        0         0        0         0 0 0        0         0        0         0 0        0         0 0⎥
⎢0 0 0        0         0 0.707107 0.707107  0        0         0 0 0        0         0        0         0 0        0         0 0⎥
⎢0 0 0        0         0 0        0         0.707107 0.707107  0 0 0        0         0        0         0 0        0         0 0⎥
⎢0 0 0        0         0 0        0         0        0         1 0 0        0         0        0         0 0        0         0 0⎥
⎢0 0 0        0         0 0        0         0        0         0 1 0        0         0        0         0 0        0         0 0⎥
⎢0 0 0        0         0 0        0         0        0         0 0 0.707107 0.707107  0        0         0 0        0         0 0⎥
⎢0 0 0        0         0 0        0         0        0         0 0 0        0         0.707107 0.707107  0 0        0         0 0⎥
⎢0 0 0        0         0 0        0         0        0         0 0 0        0         0        0         1 0        0         0 0⎥
⎢0 0 0        0         0 0        0         0        0         0 0 0        0         0        0         0 0.707107 0.707107  0 0⎥
⎢0 0 0        0         0 0        0         0        0         0 0 0        0         0        0         0 0        0         1 0⎥
⎣0 0 0        0         0 0        0         0        0         0 0 0        0         0        0         0 0        0         0 1⎦
# non-zero entries: 32 # total: 400

B2 -> B3: 
⎡1 0 0 0 0 0 0 0        0         0        0         0        0         0        0         0        0         0        0         0⎤
⎢0 0 0 0 0 0 0 0.816497 -0.577351 0        0         0        0         0        0         0        0         0        0         0⎥
⎢0 1 0 0 0 0 0 0        0         0        0         0        0         0        0         0        0         0        0         0⎥
⎢0 0 0 0 0 0 0 0        0         0.816497 -0.577351 0        0         0        0         0        0         0        0         0⎥
⎢0 0 1 0 0 0 0 0        0         0        0         0        0         0        0         0        0         0        0         0⎥
⎢0 0 0 0 0 0 0 0        0         0        0         0.577351 -0.816497 0        0         0        0         0        0         0⎥
⎢0 0 0 1 0 0 0 0        0         0        0         0        0         0        0         0        0         0        0         0⎥
⎢0 0 0 0 0 0 0 0        0         0        0         0        0         0.816497 -0.577351 0        0         0        0         0⎥
⎢0 0 0 0 1 0 0 0        0         0        0         0        0         0        0         0        0         0        0         0⎥
⎢0 0 0 0 0 0 0 0        0         0        0         0        0         0        0         0.577351 -0.816497 0        0         0⎥
⎢0 0 0 0 0 1 0 0        0         0        0         0        0         0        0         0        0         0        0         0⎥
⎢0 0 0 0 0 0 0 0        0         0        0         0        0         0        0         0        0         0.577351 -0.816497 0⎥
⎢0 0 0 0 0 0 1 0        0         0        0         0        0         0        0         0        0         0        0         0⎥
⎢0 0 0 0 0 0 0 0.57735  0.816497  0        0         0        0         0        0         0        0         0        0         0⎥
⎢0 0 0 0 0 0 0 0        0         0.57735  0.816497  0        0         0        0         0        0         0        0         0⎥
⎢0 0 0 0 0 0 0 0        0         0        0         0.816497 0.57735   0        0         0        0         0        0         0⎥
⎢0 0 0 0 0 0 0 0        0         0        0         0        0         0.57735  0.816497  0        0         0        0         0⎥
⎢0 0 0 0 0 0 0 0        0         0        0         0        0         0        0         0.816497 0.57735   0        0         0⎥
⎢0 0 0 0 0 0 0 0        0         0        0         0        0         0        0         0        0         0.816497 0.57735   0⎥
⎣0 0 0 0 0 0 0 0        0         0        0         0        0         0        0         0        0         0        0         1⎦
# non-zero entries: 32 # total: 400

B3 -> B4: 
⎡0 0 0.707107 0        -0.707107 0         0        0        0         0         0 0 0        0        0        0         0        0         0        0        ⎤
⎢0 0 0        0.707107 0         -0.707107 0        0        0         0         0 0 0        0        0        0         0        0         0        0        ⎥
⎢0 0 0        0        0         0         0.707107 0        -0.707107 0         0 0 0        0        0        0         0        0         0        0        ⎥
⎢0 0 0        0        0         0         0        0.707107 0         -0.707107 0 0 0        0        0        0         0        0         0        0        ⎥
⎢1 0 0        0        0         0         0        0        0         0         0 0 0        0        0        0         0        0         0        0        ⎥
⎢0 1 0        0        0         0         0        0        0         0         0 0 0        0        0        0         0        0         0        0        ⎥
⎢0 0 0        0        0         0         0        0        0         0         0 0 0.866026 -0.5     0        0         0        0         0        0        ⎥
⎢0 0 0.707107 0        0.707107  0         0        0        0         0         0 0 0        0        0        0         0        0         0        0        ⎥
⎢0 0 0        0.707107 0         0.707107  0        0        0         0         0 0 0        0        0        0         0        0         0        0        ⎥
⎢0 0 0        0        0         0         0        0        0         0         0 0 0        0        0.707107 -0.707107 0        0         0        0        ⎥
⎢0 0 0        0        0         0         0.707107 0        0.707107  0         0 0 0        0        0        0         0        0         0        0        ⎥
⎢0 0 0        0        0         0         0        0.707107 0         0.707107  0 0 0        0        0        0         0        0         0        0        ⎥
⎢0 0 0        0        0         0         0        0        0         0         0 0 0        0        0        0         0.707107 -0.707107 0        0        ⎥
⎢0 0 0        0        0         0         0        0        0         0         1 0 0        0        0        0         0        0         0        0        ⎥
⎢0 0 0        0        0         0         0        0        0         0         0 1 0        0        0        0         0        0         0        0        ⎥
⎢0 0 0        0        0         0         0        0        0         0         0 0 0        0        0        0         0        0         0.5      -0.866026⎥
⎢0 0 0        0        0         0         0        0        0         0         0 0 0.5      0.866025 0        0         0        0         0        0        ⎥
⎢0 0 0        0        0         0         0        0        0         0         0 0 0        0        0.707107 0.707107  0        0         0        0        ⎥
⎢0 0 0        0        0         0         0        0        0         0         0 0 0        0        0        0         0.707107 0.707107  0        0        ⎥
⎣0 0 0        0        0         0         0        0        0         0         0 0 0        0        0        0         0        0         0.866025 0.5      ⎦
# non-zero entries: 36 # total: 400

B4 -> B5: 
⎡1 0 0 0 0        0        0        0         0         0         0        0        0        0         0         0         0        0         0        0        ⎤
⎢0 1 0 0 0        0        0        0         0         0         0        0        0        0         0         0         0        0         0        0        ⎥
⎢0 0 0 0 0.816498 0        0        -0.577351 0         0         0        0        0        0         0         0         0        0         0        0        ⎥
⎢0 0 0 0 0        0.816497 0        0         -0.577351 0         0        0        0        0         0         0         0        0         0        0        ⎥
⎢0 0 0 0 0        0        0.816497 0         0         -0.577351 0        0        0        0         0         0         0        0         0        0        ⎥
⎢0 0 1 0 0        0        0        0         0         0         0        0        0        0         0         0         0        0         0        0        ⎥
⎢0 0 0 1 0        0        0        0         0         0         0        0        0        0         0         0         0        0         0        0        ⎥
⎢0 0 0 0 0        0        0        0         0         0         0.577351 0        0        -0.816498 0         0         0        0         0        0        ⎥
⎢0 0 0 0 0        0        0        0         0         0         0        0.577351 0        0         -0.816497 0         0        0         0        0        ⎥
⎢0 0 0 0 0        0        0        0         0         0         0        0        0.577351 0         0         -0.816497 0        0         0        0        ⎥
⎢0 0 0 0 0.57735  0        0        0.816497  0         0         0        0        0        0         0         0         0        0         0        0        ⎥
⎢0 0 0 0 0        0.57735  0        0         0.816497  0         0        0        0        0         0         0         0        0         0        0        ⎥
⎢0 0 0 0 0        0        0.57735  0         0         0.816497  0        0        0        0         0         0         0        0         0        0        ⎥
⎢0 0 0 0 0        0        0        0         0         0         0        0        0        0         0         0         0.774597 -0.632456 0        0        ⎥
⎢0 0 0 0 0        0        0        0         0         0         0.816497 0        0        0.57735   0         0         0        0         0        0        ⎥
⎢0 0 0 0 0        0        0        0         0         0         0        0.816497 0        0         0.57735   0         0        0         0        0        ⎥
⎢0 0 0 0 0        0        0        0         0         0         0        0        0.816497 0         0         0.57735   0        0         0        0        ⎥
⎢0 0 0 0 0        0        0        0         0         0         0        0        0        0         0         0         0        0         0.632456 -0.774597⎥
⎢0 0 0 0 0        0        0        0         0         0         0        0        0        0         0         0         0.632456 0.774597  0        0        ⎥
⎣0 0 0 0 0        0        0        0         0         0         0        0        0        0         0         0         0        0         0.774597 0.632456 ⎦
# non-zero entries: 36 # total: 400

B5 -> B6: 
⎡0.707107 0        0        0        0        -0.707107 0         0         0         0         0        0        0        0        0         0         0         0         0        0        ⎤
⎢0        0.707107 0        0        0        0         -0.707107 0         0         0         0        0        0        0        0         0         0         0         0        0        ⎥
⎢0        0        0.707107 0        0        0         0         -0.707107 0         0         0        0        0        0        0         0         0         0         0        0        ⎥
⎢0        0        0        0.707107 0        0         0         0         -0.707107 0         0        0        0        0        0         0         0         0         0        0        ⎥
⎢0        0        0        0        0.707107 0         0         0         0         -0.707107 0        0        0        0        0         0         0         0         0        0        ⎥
⎢0.707107 0        0        0        0        0.707107  0         0         0         0         0        0        0        0        0         0         0         0         0        0        ⎥
⎢0        0.707107 0        0        0        0         0.707107  0         0         0         0        0        0        0        0         0         0         0         0        0        ⎥
⎢0        0        0.707107 0        0        0         0         0.707107  0         0         0        0        0        0        0         0         0         0         0        0        ⎥
⎢0        0        0        0.707107 0        0         0         0         0.707107  0         0        0        0        0        0         0         0         0         0        0        ⎥
⎢0        0        0        0        0.707107 0         0         0         0         0.707107  0        0        0        0        0         0         0         0         0        0        ⎥
⎢0        0        0        0        0        0         0         0         0         0         0.707108 0        0        0        -0.707108 0         0         0         0        0        ⎥
⎢0        0        0        0        0        0         0         0         0         0         0        0.707107 0        0        0         -0.707107 0         0         0        0        ⎥
⎢0        0        0        0        0        0         0         0         0         0         0        0        0.707107 0        0         0         -0.707107 0         0        0        ⎥
⎢0        0        0        0        0        0         0         0         0         0         0        0        0        0.707107 0         0         0         -0.707107 0        0        ⎥
⎢0        0        0        0        0        0         0         0         0         0         0.707107 0        0        0        0.707107  0         0         0         0        0        ⎥
⎢0        0        0        0        0        0         0         0         0         0         0        0.707107 0        0        0         0.707107  0         0         0        0        ⎥
⎢0        0        0        0        0        0         0         0         0         0         0        0        0.707107 0        0         0         0.707107  0         0        0        ⎥
⎢0        0        0        0        0        0         0         0         0         0         0        0        0        0.707107 0         0         0         0.707107  0        0        ⎥
⎢0        0        0        0        0        0         0         0         0         0         0        0        0        0        0         0         0         0         0.707107 -0.707107⎥
⎣0        0        0        0        0        0         0         0         0         0         0        0        0        0        0         0         0         0         0.707107 0.707107 ⎦
# non-zero entries: 40 # total: 400
