n: 5 lambdaSpace: [3, 1, 1]

B1 -> B2: 
⎡-0.707107 0.707107 0         0        0         0        0         0        0 0         0        0 0         0        0 0 0         0        0 0⎤
⎢0         0        -0.707107 0.707107 0         0        0         0        0 0         0        0 0         0        0 0 0         0        0 0⎥
⎢0         0        0         0        -0.707107 0.707107 0         0        0 0         0        0 0         0        0 0 0         0        0 0⎥
⎢0         0        0         0        0         0        -0.707107 0.707107 0 0         0        0 0         0        0 0 0         0        0 0⎥
⎢0         0        0         0        0         0        0         0        0 -0.707107 0.707107 0 0         0        0 0 0         0        0 0⎥
⎢0         0        0         0        0         0        0         0        0 0         0        0 -0.707107 0.707107 0 0 0         0        0 0⎥
⎢0         0        0         0        0         0        0         0        0 0         0        0 0         0        0 0 -0.707107 0.707107 0 0⎥
⎢0.707107  0.707107 0         0        0         0        0         0        0 0         0        0 0         0        0 0 0         0        0 0⎥
⎢0         0        0.707107  0.707107 0         0        0         0        0 0         0        0 0         0        0 0 0         0        0 0⎥
⎢0         0        0         0        0.707107  0.707107 0         0        0 0         0        0 0         0        0 0 0         0        0 0⎥
⎢0         0        0         0        0         0        0.707107  0.707107 0 0         0        0 0         0        0 0 0         0        0 0⎥
⎢0         0        0         0        0         0        0         0        1 0         0        0 0         0        0 0 0         0        0 0⎥
⎢0         0        0         0        0         0        0         0        0 0.707107  0.707107 0 0         0        0 0 0         0        0 0⎥
⎢0         0        0         0        0         0        0         0        0 0         0        1 0         0        0 0 0         0        0 0⎥
⎢0         0        0         0        0         0        0         0        0 0         0        0 0.707107  0.707107 0 0 0         0        0 0⎥
⎢0         0        0         0        0         0        0         0        0 0         0        0 0         0        1 0 0         0        0 0⎥
⎢0         0        0         0        0         0        0         0        0 0         0        0 0         0        0 1 0         0        0 0⎥
⎢0         0        0         0        0         0        0         0        0 0         0        0 0         0        0 0 0.707107  0.707107 0 0⎥
⎢0         0        0         0        0         0        0         0        0 0         0        0 0         0        0 0 0         0        1 0⎥
⎣0         0        0         0        0         0        0         0        0 0         0        0 0         0        0 0 0         0        0 1⎦
(# non-zero entries)/dimension = 34/20 = 1.7

B2 -> B3: 
⎡0.57735   -0.57735 0.57735  0 0 0 0 0         0         0        0        0        0        0        0        0        0 0        0        0⎤
⎢0.707107  0.707107 0        0 0 0 0 0         0         0        0        0        0        0        0        0        0 0        0        0⎥
⎢-0.408248 0.408248 0.816497 0 0 0 0 0         0         0        0        0        0        0        0        0        0 0        0        0⎥
⎢0         0        0        1 0 0 0 0         0         0        0        0        0        0        0        0        0 0        0        0⎥
⎢0         0        0        0 1 0 0 0         0         0        0        0        0        0        0        0        0 0        0        0⎥
⎢0         0        0        0 0 1 0 0         0         0        0        0        0        0        0        0        0 0        0        0⎥
⎢0         0        0        0 0 0 1 0         0         0        0        0        0        0        0        0        0 0        0        0⎥
⎢0         0        0        0 0 0 0 -0.408248 -0.408248 0.816497 0        0        0        0        0        0        0 0        0        0⎥
⎢0         0        0        0 0 0 0 -0.707107 0.707107  0        0        0        0        0        0        0        0 0        0        0⎥
⎢0         0        0        0 0 0 0 0         0         0        -0.57735 0.816497 0        0        0        0        0 0        0        0⎥
⎢0         0        0        0 0 0 0 0         0         0        0        0        -0.57735 0.816497 0        0        0 0        0        0⎥
⎢0         0        0        0 0 0 0 0         0         0        0        0        0        0        -0.57735 0.816497 0 0        0        0⎥
⎢0         0        0        0 0 0 0 0         0         0        0        0        0        0        0        0        0 -0.57735 0.816497 0⎥
⎢0         0        0        0 0 0 0 0.57735   0.57735   0.57735  0        0        0        0        0        0        0 0        0        0⎥
⎢0         0        0        0 0 0 0 0         0         0        0.816497 0.57735  0        0        0        0        0 0        0        0⎥
⎢0         0        0        0 0 0 0 0         0         0        0        0        0.816497 0.57735  0        0        0 0        0        0⎥
⎢0         0        0        0 0 0 0 0         0         0        0        0        0        0        0.816497 0.57735  0 0        0        0⎥
⎢0         0        0        0 0 0 0 0         0         0        0        0        0        0        0        0        1 0        0        0⎥
⎢0         0        0        0 0 0 0 0         0         0        0        0        0        0        0        0        0 0.816497 0.57735  0⎥
⎣0         0        0        0 0 0 0 0         0         0        0        0        0        0        0        0        0 0        0        1⎦
(# non-zero entries)/dimension = 38/20 = 1.9

B3 -> B4: 
⎡1 0         0         0         0        0 0 0         0         0         0        0 0 0         0         0        0        0        0        0       ⎤
⎢0 0.433013  -0.25     -0.612373 0.612373 0 0 0         0         0         0        0 0 0         0         0        0        0        0        0       ⎥
⎢0 0         0         0         0        0 0 0.433013  -0.25     -0.612373 0.612373 0 0 0         0         0        0        0        0        0       ⎥
⎢0 -0.353553 -0.612373 0.5       0.5      0 0 0         0         0         0        0 0 0         0         0        0        0        0        0       ⎥
⎢0 0         0         0         0        0 0 -0.353553 -0.612373 0.5       0.5      0 0 0         0         0        0        0        0        0       ⎥
⎢0 0.816496  0         0.57735   0        0 0 0         0         0         0        0 0 0         0         0        0        0        0        0       ⎥
⎢0 -0.144337 0.75      0.204124  0.612373 0 0 0         0         0         0        0 0 0         0         0        0        0        0        0       ⎥
⎢0 0         0         0         0        1 0 0         0         0         0        0 0 0         0         0        0        0        0        0       ⎥
⎢0 0         0         0         0        0 1 0         0         0         0        0 0 0         0         0        0        0        0        0       ⎥
⎢0 0         0         0         0        0 0 0.816497  0         0.577351  0        0 0 0         0         0        0        0        0        0       ⎥
⎢0 0         0         0         0        0 0 -0.144337 0.75      0.204124  0.612373 0 0 0         0         0        0        0        0        0       ⎥
⎢0 0         0         0         0        0 0 0         0         0         0        1 0 0         0         0        0        0        0        0       ⎥
⎢0 0         0         0         0        0 0 0         0         0         0        0 1 0         0         0        0        0        0        0       ⎥
⎢0 0         0         0         0        0 0 0         0         0         0        0 0 -0.408249 -0.288675 0.866026 0        0        0        0       ⎥
⎢0 0         0         0         0        0 0 0         0         0         0        0 0 -0.577351 0.816497  0        0        0        0        0       ⎥
⎢0 0         0         0         0        0 0 0         0         0         0        0 0 0         0         0        -0.5     0.866026 0        0       ⎥
⎢0 0         0         0         0        0 0 0         0         0         0        0 0 0         0         0        0        0        -0.5     0.866026⎥
⎢0 0         0         0         0        0 0 0         0         0         0        0 0 0.707107  0.5       0.5      0        0        0        0       ⎥
⎢0 0         0         0         0        0 0 0         0         0         0        0 0 0         0         0        0.866025 0.5      0        0       ⎥
⎣0 0         0         0         0        0 0 0         0         0         0        0 0 0         0         0        0        0        0.866025 0.5     ⎦
(# non-zero entries)/dimension = 49/20 = 2.45

B4 -> B5: 
⎡1 0 0 0 0 0          0         0         0        0          0         0         0        0          0         0         0        0         0         0       ⎤
⎢0 1 0 0 0 0          0         0         0        0          0         0         0        0          0         0         0        0         0         0       ⎥
⎢0 0 1 0 0 0          0         0         0        0          0         0         0        0          0         0         0        0         0         0       ⎥
⎢0 0 0 0 0 0.365149   -0.258199 -0.632456 0.632456 0          0         0         0        0          0         0         0        0         0         0       ⎥
⎢0 0 0 0 0 0          0         0         0        0.365149   -0.258199 -0.632456 0.632456 0          0         0         0        0         0         0       ⎥
⎢0 0 0 0 0 0          0         0         0        0          0         0         0        0.365148   -0.258199 -0.632455 0.632455 0         0         0       ⎥
⎢0 0 0 1 0 0          0         0         0        0          0         0         0        0          0         0         0        0         0         0       ⎥
⎢0 0 0 0 1 0          0         0         0        0          0         0         0        0          0         0         0        0         0         0       ⎥
⎢0 0 0 0 0 -0.333334  -0.471405 0.577351  0.577351 0          0         0         0        0          0         0         0        0         0         0       ⎥
⎢0 0 0 0 0 0          0         0         0        -0.333334  -0.471405 0.577351  0.577351 0          0         0         0        0         0         0       ⎥
⎢0 0 0 0 0 0          0         0         0        0          0         0         0        -0.333334  -0.471405 0.57735   0.57735  0         0         0       ⎥
⎢0 0 0 0 0 0.866025   0         0.5       0        0          0         0         0        0          0         0         0        0         0         0       ⎥
⎢0 0 0 0 0 -0.0745355 0.843274  0.1291    0.516398 0          0         0         0        0          0         0         0        0         0         0       ⎥
⎢0 0 0 0 0 0          0         0         0        0.866026   0         0.5       0        0          0         0         0        0         0         0       ⎥
⎢0 0 0 0 0 0          0         0         0        -0.0745355 0.843274  0.129099  0.516398 0          0         0         0        0         0         0       ⎥
⎢0 0 0 0 0 0          0         0         0        0          0         0         0        0.866025   0         0.5       0        0         0         0       ⎥
⎢0 0 0 0 0 0          0         0         0        0          0         0         0        -0.0745354 0.843274  0.129099  0.516398 0         0         0       ⎥
⎢0 0 0 0 0 0          0         0         0        0          0         0         0        0          0         0         0        -0.387298 -0.223607 0.894428⎥
⎢0 0 0 0 0 0          0         0         0        0          0         0         0        0          0         0         0        -0.5      0.866026  0       ⎥
⎣0 0 0 0 0 0          0         0         0        0          0         0         0        0          0         0         0        0.774596  0.447214  0.447214⎦
(# non-zero entries)/dimension = 55/20 = 2.75
