n: 9 lambdaSpace: [8, 1]

B1 -> B2: 
⎡0 0 0 0 0 0 0 0.707107 -0.707107⎤
⎢1 0 0 0 0 0 0 0        0        ⎥
⎢0 1 0 0 0 0 0 0        0        ⎥
⎢0 0 1 0 0 0 0 0        0        ⎥
⎢0 0 0 1 0 0 0 0        0        ⎥
⎢0 0 0 0 1 0 0 0        0        ⎥
⎢0 0 0 0 0 1 0 0        0        ⎥
⎢0 0 0 0 0 0 1 0        0        ⎥
⎣0 0 0 0 0 0 0 0.707107 0.707107 ⎦
# non-zero entries: 11 # total: 81

B2 -> B3: 
⎡1 0 0 0 0 0 0 0        0       ⎤
⎢0 0 0 0 0 0 0 0.816497 -0.57735⎥
⎢0 1 0 0 0 0 0 0        0       ⎥
⎢0 0 1 0 0 0 0 0        0       ⎥
⎢0 0 0 1 0 0 0 0        0       ⎥
⎢0 0 0 0 1 0 0 0        0       ⎥
⎢0 0 0 0 0 1 0 0        0       ⎥
⎢0 0 0 0 0 0 1 0        0       ⎥
⎣0 0 0 0 0 0 0 0.57735  0.816497⎦
# non-zero entries: 11 # total: 81

B3 -> B4: 
⎡1 0 0 0 0 0 0 0        0       ⎤
⎢0 1 0 0 0 0 0 0        0       ⎥
⎢0 0 0 0 0 0 0 0.866026 -0.5    ⎥
⎢0 0 1 0 0 0 0 0        0       ⎥
⎢0 0 0 1 0 0 0 0        0       ⎥
⎢0 0 0 0 1 0 0 0        0       ⎥
⎢0 0 0 0 0 1 0 0        0       ⎥
⎢0 0 0 0 0 0 1 0        0       ⎥
⎣0 0 0 0 0 0 0 0.5      0.866025⎦
# non-zero entries: 11 # total: 81

B4 -> B5: 
⎡1 0 0 0 0 0 0 0        0        ⎤
⎢0 1 0 0 0 0 0 0        0        ⎥
⎢0 0 1 0 0 0 0 0        0        ⎥
⎢0 0 0 0 0 0 0 0.894428 -0.447214⎥
⎢0 0 0 1 0 0 0 0        0        ⎥
⎢0 0 0 0 1 0 0 0        0        ⎥
⎢0 0 0 0 0 1 0 0        0        ⎥
⎢0 0 0 0 0 0 1 0        0        ⎥
⎣0 0 0 0 0 0 0 0.447214 0.894427 ⎦
# non-zero entries: 11 # total: 81

B5 -> B6: 
⎡1 0 0        0 0 0 0 0        0        ⎤
⎢0 1 0        0 0 0 0 0        0        ⎥
⎢0 0 0.999999 0 0 0 0 0        0        ⎥
⎢0 0 0        1 0 0 0 0        0        ⎥
⎢0 0 0        0 0 0 0 0.912871 -0.408248⎥
⎢0 0 0        0 1 0 0 0        0        ⎥
⎢0 0 0        0 0 1 0 0        0        ⎥
⎢0 0 0        0 0 0 1 0        0        ⎥
⎣0 0 0        0 0 0 0 0.408248 0.912871 ⎦
# non-zero entries: 11 # total: 81

B6 -> B7: 
⎡0 0 0        0         0         0         0         0.707107  -0.707107⎤
⎢0 0 0        0         0         0         0.816492  -0.408246 -0.408246⎥
⎢0 0 0        0         0         0.866029  -0.288676 -0.288676 -0.288676⎥
⎢0 0 0        0         0.894432  -0.223609 -0.223609 -0.223609 -0.223609⎥
⎢0 0 0        0.91287   -0.182573 -0.182573 -0.182573 -0.182573 -0.182573⎥
⎢0 0 0.925821 -0.154304 -0.154304 -0.154304 -0.154304 -0.154304 -0.154304⎥
⎢1 0 0        0         0         0         0         0         0        ⎥
⎢0 1 0        0         0         0         0         0         0        ⎥
⎣0 0 0.377965 0.377965  0.377965  0.377965  0.377965  0.377965  0.377965 ⎦
# non-zero entries: 36 # total: 81

B7 -> B8: 
⎡1 0        0       0       0        0       0 0        0        ⎤
⎢0 0.999987 0       0       0        0       0 0        0        ⎥
⎢0 0        1.00003 0       0        0       0 0        0        ⎥
⎢0 0        0       0.99997 0        0       0 0        0        ⎥
⎢0 0        0       0       0.999999 0       0 0        0        ⎥
⎢0 0        0       0       0        1.00004 0 0        0        ⎥
⎢0 0        0       0       0        0       0 0.935435 -0.353567⎥
⎢0 0        0       0       0        0       1 0        0        ⎥
⎣0 0        0       0       0        0       0 0.353553 0.935414 ⎦
# non-zero entries: 11 # total: 81
