n: 7 lambdaSpace: [5, 1, 1]

B1 -> B2: 
⎡0 0 0 0 0.707107 -0.707107 0 0 0 0 0        0         0 0 0 0        0         0 0 0 0        0         0 0 0        0         0 0 0        0         0 0        0         0 0        0         0        0         0        0         0        0        ⎤
⎢0 0 0 0 0        0         0 0 0 0 0.707107 -0.707107 0 0 0 0        0         0 0 0 0        0         0 0 0        0         0 0 0        0         0 0        0         0 0        0         0        0         0        0         0        0        ⎥
⎢0 0 0 0 0        0         0 0 0 0 0        0         0 0 0 0.707107 -0.707107 0 0 0 0        0         0 0 0        0         0 0 0        0         0 0        0         0 0        0         0        0         0        0         0        0        ⎥
⎢0 0 0 0 0        0         0 0 0 0 0        0         0 0 0 0        0         0 0 0 0.707107 -0.707107 0 0 0        0         0 0 0        0         0 0        0         0 0        0         0        0         0        0         0        0        ⎥
⎢0 0 0 0 0        0         0 0 0 0 0        0         0 0 0 0        0         0 0 0 0        0         0 0 0.707107 -0.707107 0 0 0        0         0 0        0         0 0        0         0        0         0        0         0        0        ⎥
⎢0 0 0 0 0        0         0 0 0 0 0        0         0 0 0 0        0         0 0 0 0        0         0 0 0        0         0 0 0.707107 -0.707107 0 0        0         0 0        0         0        0         0        0         0        0        ⎥
⎢0 0 0 0 0        0         0 0 0 0 0        0         0 0 0 0        0         0 0 0 0        0         0 0 0        0         0 0 0        0         0 0.707107 -0.707107 0 0        0         0        0         0        0         0        0        ⎥
⎢0 0 0 0 0        0         0 0 0 0 0        0         0 0 0 0        0         0 0 0 0        0         0 0 0        0         0 0 0        0         0 0        0         0 0.707107 -0.707107 0        0         0        0         0        0        ⎥
⎢0 0 0 0 0        0         0 0 0 0 0        0         0 0 0 0        0         0 0 0 0        0         0 0 0        0         0 0 0        0         0 0        0         0 0        0         0.707107 -0.707107 0        0         0        0        ⎥
⎢0 0 0 0 0        0         0 0 0 0 0        0         0 0 0 0        0         0 0 0 0        0         0 0 0        0         0 0 0        0         0 0        0         0 0        0         0        0         0.707107 -0.707107 0        0        ⎥
⎢0 0 0 0 0        0         0 0 0 0 0        0         0 0 0 0        0         0 0 0 0        0         0 0 0        0         0 0 0        0         0 0        0         0 0        0         0        0         0        0         0.707107 -0.707107⎥
⎢1 0 0 0 0        0         0 0 0 0 0        0         0 0 0 0        0         0 0 0 0        0         0 0 0        0         0 0 0        0         0 0        0         0 0        0         0        0         0        0         0        0        ⎥
⎢0 1 0 0 0        0         0 0 0 0 0        0         0 0 0 0        0         0 0 0 0        0         0 0 0        0         0 0 0        0         0 0        0         0 0        0         0        0         0        0         0        0        ⎥
⎢0 0 1 0 0        0         0 0 0 0 0        0         0 0 0 0        0         0 0 0 0        0         0 0 0        0         0 0 0        0         0 0        0         0 0        0         0        0         0        0         0        0        ⎥
⎢0 0 0 1 0        0         0 0 0 0 0        0         0 0 0 0        0         0 0 0 0        0         0 0 0        0         0 0 0        0         0 0        0         0 0        0         0        0         0        0         0        0        ⎥
⎢0 0 0 0 0.707107 0.707107  0 0 0 0 0        0         0 0 0 0        0         0 0 0 0        0         0 0 0        0         0 0 0        0         0 0        0         0 0        0         0        0         0        0         0        0        ⎥
⎢0 0 0 0 0        0         1 0 0 0 0        0         0 0 0 0        0         0 0 0 0        0         0 0 0        0         0 0 0        0         0 0        0         0 0        0         0        0         0        0         0        0        ⎥
⎢0 0 0 0 0        0         0 1 0 0 0        0         0 0 0 0        0         0 0 0 0        0         0 0 0        0         0 0 0        0         0 0        0         0 0        0         0        0         0        0         0        0        ⎥
⎢0 0 0 0 0        0         0 0 1 0 0        0         0 0 0 0        0         0 0 0 0        0         0 0 0        0         0 0 0        0         0 0        0         0 0        0         0        0         0        0         0        0        ⎥
⎢0 0 0 0 0        0         0 0 0 1 0        0         0 0 0 0        0         0 0 0 0        0         0 0 0        0         0 0 0        0         0 0        0         0 0        0         0        0         0        0         0        0        ⎥
⎢0 0 0 0 0        0         0 0 0 0 0.707107 0.707107  0 0 0 0        0         0 0 0 0        0         0 0 0        0         0 0 0        0         0 0        0         0 0        0         0        0         0        0         0        0        ⎥
⎢0 0 0 0 0        0         0 0 0 0 0        0         1 0 0 0        0         0 0 0 0        0         0 0 0        0         0 0 0        0         0 0        0         0 0        0         0        0         0        0         0        0        ⎥
⎢0 0 0 0 0        0         0 0 0 0 0        0         0 1 0 0        0         0 0 0 0        0         0 0 0        0         0 0 0        0         0 0        0         0 0        0         0        0         0        0         0        0        ⎥
⎢0 0 0 0 0        0         0 0 0 0 0        0         0 0 1 0        0         0 0 0 0        0         0 0 0        0         0 0 0        0         0 0        0         0 0        0         0        0         0        0         0        0        ⎥
⎢0 0 0 0 0        0         0 0 0 0 0        0         0 0 0 0.707107 0.707107  0 0 0 0        0         0 0 0        0         0 0 0        0         0 0        0         0 0        0         0        0         0        0         0        0        ⎥
⎢0 0 0 0 0        0         0 0 0 0 0        0         0 0 0 0        0         1 0 0 0        0         0 0 0        0         0 0 0        0         0 0        0         0 0        0         0        0         0        0         0        0        ⎥
⎢0 0 0 0 0        0         0 0 0 0 0        0         0 0 0 0        0         0 1 0 0        0         0 0 0        0         0 0 0        0         0 0        0         0 0        0         0        0         0        0         0        0        ⎥
⎢0 0 0 0 0        0         0 0 0 0 0        0         0 0 0 0        0         0 0 1 0        0         0 0 0        0         0 0 0        0         0 0        0         0 0        0         0        0         0        0         0        0        ⎥
⎢0 0 0 0 0        0         0 0 0 0 0        0         0 0 0 0        0         0 0 0 0.707107 0.707107  0 0 0        0         0 0 0        0         0 0        0         0 0        0         0        0         0        0         0        0        ⎥
⎢0 0 0 0 0        0         0 0 0 0 0        0         0 0 0 0        0         0 0 0 0        0         1 0 0        0         0 0 0        0         0 0        0         0 0        0         0        0         0        0         0        0        ⎥
⎢0 0 0 0 0        0         0 0 0 0 0        0         0 0 0 0        0         0 0 0 0        0         0 1 0        0         0 0 0        0         0 0        0         0 0        0         0        0         0        0         0        0        ⎥
⎢0 0 0 0 0        0         0 0 0 0 0        0         0 0 0 0        0         0 0 0 0        0         0 0 0.707107 0.707107  0 0 0        0         0 0        0         0 0        0         0        0         0        0         0        0        ⎥
⎢0 0 0 0 0        0         0 0 0 0 0        0         0 0 0 0        0         0 0 0 0        0         0 0 0        0         1 0 0        0         0 0        0         0 0        0         0        0         0        0         0        0        ⎥
⎢0 0 0 0 0        0         0 0 0 0 0        0         0 0 0 0        0         0 0 0 0        0         0 0 0        0         0 1 0        0         0 0        0         0 0        0         0        0         0        0         0        0        ⎥
⎢0 0 0 0 0        0         0 0 0 0 0        0         0 0 0 0        0         0 0 0 0        0         0 0 0        0         0 0 0.707107 0.707107  0 0        0         0 0        0         0        0         0        0         0        0        ⎥
⎢0 0 0 0 0        0         0 0 0 0 0        0         0 0 0 0        0         0 0 0 0        0         0 0 0        0         0 0 0        0         1 0        0         0 0        0         0        0         0        0         0        0        ⎥
⎢0 0 0 0 0        0         0 0 0 0 0        0         0 0 0 0        0         0 0 0 0        0         0 0 0        0         0 0 0        0         0 0.707107 0.707107  0 0        0         0        0         0        0         0        0        ⎥
⎢0 0 0 0 0        0         0 0 0 0 0        0         0 0 0 0        0         0 0 0 0        0         0 0 0        0         0 0 0        0         0 0        0         1 0        0         0        0         0        0         0        0        ⎥
⎢0 0 0 0 0        0         0 0 0 0 0        0         0 0 0 0        0         0 0 0 0        0         0 0 0        0         0 0 0        0         0 0        0         0 0.707107 0.707107  0        0         0        0         0        0        ⎥
⎢0 0 0 0 0        0         0 0 0 0 0        0         0 0 0 0        0         0 0 0 0        0         0 0 0        0         0 0 0        0         0 0        0         0 0        0         0.707107 0.707107  0        0         0        0        ⎥
⎢0 0 0 0 0        0         0 0 0 0 0        0         0 0 0 0        0         0 0 0 0        0         0 0 0        0         0 0 0        0         0 0        0         0 0        0         0        0         0.707107 0.707107  0        0        ⎥
⎣0 0 0 0 0        0         0 0 0 0 0        0         0 0 0 0        0         0 0 0 0        0         0 0 0        0         0 0 0        0         0 0        0         0 0        0         0        0         0        0         0.707107 0.707107 ⎦
# non-zero entries: 64 # total: 1764

B2 -> B3: 
⎡0 0 0 0 0 0 0 0 0.57735  -0.57735 0.57735   0 0 0 0        0         0 0 0 0        0         0 0 0        0         0 0 0        0         0 0        0         0 0        0         0        0         0        0         0        0         0        ⎤
⎢1 0 0 0 0 0 0 0 0        0        0         0 0 0 0        0         0 0 0 0        0         0 0 0        0         0 0 0        0         0 0        0         0 0        0         0        0         0        0         0        0         0        ⎥
⎢0 0 0 0 0 0 0 0 0        0        0         0 0 0 0.816497 -0.577351 0 0 0 0        0         0 0 0        0         0 0 0        0         0 0        0         0 0        0         0        0         0        0         0        0         0        ⎥
⎢0 1 0 0 0 0 0 0 0        0        0         0 0 0 0        0         0 0 0 0        0         0 0 0        0         0 0 0        0         0 0        0         0 0        0         0        0         0        0         0        0         0        ⎥
⎢0 0 0 0 0 0 0 0 0        0        0         0 0 0 0        0         0 0 0 0.816497 -0.577351 0 0 0        0         0 0 0        0         0 0        0         0 0        0         0        0         0        0         0        0         0        ⎥
⎢0 0 1 0 0 0 0 0 0        0        0         0 0 0 0        0         0 0 0 0        0         0 0 0        0         0 0 0        0         0 0        0         0 0        0         0        0         0        0         0        0         0        ⎥
⎢0 0 0 0 0 0 0 0 0        0        0         0 0 0 0        0         0 0 0 0        0         0 0 0.816497 -0.577351 0 0 0        0         0 0        0         0 0        0         0        0         0        0         0        0         0        ⎥
⎢0 0 0 1 0 0 0 0 0        0        0         0 0 0 0        0         0 0 0 0        0         0 0 0        0         0 0 0        0         0 0        0         0 0        0         0        0         0        0         0        0         0        ⎥
⎢0 0 0 0 0 0 0 0 0        0        0         0 0 0 0        0         0 0 0 0        0         0 0 0        0         0 0 0.816497 -0.577351 0 0        0         0 0        0         0        0         0        0         0        0         0        ⎥
⎢0 0 0 0 1 0 0 0 0        0        0         0 0 0 0        0         0 0 0 0        0         0 0 0        0         0 0 0        0         0 0        0         0 0        0         0        0         0        0         0        0         0        ⎥
⎢0 0 0 0 0 0 0 0 0        0        0         0 0 0 0        0         0 0 0 0        0         0 0 0        0         0 0 0        0         0 0.816497 -0.577351 0 0        0         0        0         0        0         0        0         0        ⎥
⎢0 0 0 0 0 1 0 0 0        0        0         0 0 0 0        0         0 0 0 0        0         0 0 0        0         0 0 0        0         0 0        0         0 0        0         0        0         0        0         0        0         0        ⎥
⎢0 0 0 0 0 0 0 0 0        0        0         0 0 0 0        0         0 0 0 0        0         0 0 0        0         0 0 0        0         0 0        0         0 0.816497 -0.577351 0        0         0        0         0        0         0        ⎥
⎢0 0 0 0 0 0 1 0 0        0        0         0 0 0 0        0         0 0 0 0        0         0 0 0        0         0 0 0        0         0 0        0         0 0        0         0        0         0        0         0        0         0        ⎥
⎢0 0 0 0 0 0 0 0 0        0        0         0 0 0 0        0         0 0 0 0        0         0 0 0        0         0 0 0        0         0 0        0         0 0        0         0.816497 -0.577351 0        0         0        0         0        ⎥
⎢0 0 0 0 0 0 0 1 0        0        0         0 0 0 0        0         0 0 0 0        0         0 0 0        0         0 0 0        0         0 0        0         0 0        0         0        0         0        0         0        0         0        ⎥
⎢0 0 0 0 0 0 0 0 0        0        0         0 0 0 0        0         0 0 0 0        0         0 0 0        0         0 0 0        0         0 0        0         0 0        0         0        0         0.816497 -0.577351 0        0         0        ⎥
⎢0 0 0 0 0 0 0 0 0.816497 0.408248 -0.408248 0 0 0 0        0         0 0 0 0        0         0 0 0        0         0 0 0        0         0 0        0         0 0        0         0        0         0        0         0        0         0        ⎥
⎢0 0 0 0 0 0 0 0 0        0        0         0 0 0 0        0         0 0 0 0        0         0 0 0        0         0 0 0        0         0 0        0         0 0        0         0        0         0        0         0        0.707107  -0.707107⎥
⎢0 0 0 0 0 0 0 0 0        0.707107 0.707107  0 0 0 0        0         0 0 0 0        0         0 0 0        0         0 0 0        0         0 0        0         0 0        0         0        0         0        0         0        0         0        ⎥
⎢0 0 0 0 0 0 0 0 0        0        0         0 0 0 0        0         0 0 0 0        0         0 0 0        0         0 0 0        0         0 0        0         0 0        0         0        0         0        0         0.816497 -0.408248 -0.408248⎥
⎢0 0 0 0 0 0 0 0 0        0        0         1 0 0 0        0         0 0 0 0        0         0 0 0        0         0 0 0        0         0 0        0         0 0        0         0        0         0        0         0        0         0        ⎥
⎢0 0 0 0 0 0 0 0 0        0        0         0 1 0 0        0         0 0 0 0        0         0 0 0        0         0 0 0        0         0 0        0         0 0        0         0        0         0        0         0        0         0        ⎥
⎢0 0 0 0 0 0 0 0 0        0        0         0 0 1 0        0         0 0 0 0        0         0 0 0        0         0 0 0        0         0 0        0         0 0        0         0        0         0        0         0        0         0        ⎥
⎢0 0 0 0 0 0 0 0 0        0        0         0 0 0 0.57735  0.816497  0 0 0 0        0         0 0 0        0         0 0 0        0         0 0        0         0 0        0         0        0         0        0         0        0         0        ⎥
⎢0 0 0 0 0 0 0 0 0        0        0         0 0 0 0        0         1 0 0 0        0         0 0 0        0         0 0 0        0         0 0        0         0 0        0         0        0         0        0         0        0         0        ⎥
⎢0 0 0 0 0 0 0 0 0        0        0         0 0 0 0        0         0 1 0 0        0         0 0 0        0         0 0 0        0         0 0        0         0 0        0         0        0         0        0         0        0         0        ⎥
⎢0 0 0 0 0 0 0 0 0        0        0         0 0 0 0        0         0 0 1 0        0         0 0 0        0         0 0 0        0         0 0        0         0 0        0         0        0         0        0         0        0         0        ⎥
⎢0 0 0 0 0 0 0 0 0        0        0         0 0 0 0        0         0 0 0 0.57735  0.816497  0 0 0        0         0 0 0        0         0 0        0         0 0        0         0        0         0        0         0        0         0        ⎥
⎢0 0 0 0 0 0 0 0 0        0        0         0 0 0 0        0         0 0 0 0        0         1 0 0        0         0 0 0        0         0 0        0         0 0        0         0        0         0        0         0        0         0        ⎥
⎢0 0 0 0 0 0 0 0 0        0        0         0 0 0 0        0         0 0 0 0        0         0 1 0        0         0 0 0        0         0 0        0         0 0        0         0        0         0        0         0        0         0        ⎥
⎢0 0 0 0 0 0 0 0 0        0        0         0 0 0 0        0         0 0 0 0        0         0 0 0.57735  0.816497  0 0 0        0         0 0        0         0 0        0         0        0         0        0         0        0         0        ⎥
⎢0 0 0 0 0 0 0 0 0        0        0         0 0 0 0        0         0 0 0 0        0         0 0 0        0         1 0 0        0         0 0        0         0 0        0         0        0         0        0         0        0         0        ⎥
⎢0 0 0 0 0 0 0 0 0        0        0         0 0 0 0        0         0 0 0 0        0         0 0 0        0         0 1 0        0         0 0        0         0 0        0         0        0         0        0         0        0         0        ⎥
⎢0 0 0 0 0 0 0 0 0        0        0         0 0 0 0        0         0 0 0 0        0         0 0 0        0         0 0 0.57735  0.816497  0 0        0         0 0        0         0        0         0        0         0        0         0        ⎥
⎢0 0 0 0 0 0 0 0 0        0        0         0 0 0 0        0         0 0 0 0        0         0 0 0        0         0 0 0        0         1 0        0         0 0        0         0        0         0        0         0        0         0        ⎥
⎢0 0 0 0 0 0 0 0 0        0        0         0 0 0 0        0         0 0 0 0        0         0 0 0        0         0 0 0        0         0 0.57735  0.816497  0 0        0         0        0         0        0         0        0         0        ⎥
⎢0 0 0 0 0 0 0 0 0        0        0         0 0 0 0        0         0 0 0 0        0         0 0 0        0         0 0 0        0         0 0        0         1 0        0         0        0         0        0         0        0         0        ⎥
⎢0 0 0 0 0 0 0 0 0        0        0         0 0 0 0        0         0 0 0 0        0         0 0 0        0         0 0 0        0         0 0        0         0 0.57735  0.816497  0        0         0        0         0        0         0        ⎥
⎢0 0 0 0 0 0 0 0 0        0        0         0 0 0 0        0         0 0 0 0        0         0 0 0        0         0 0 0        0         0 0        0         0 0        0         0.57735  0.816497  0        0         0        0         0        ⎥
⎢0 0 0 0 0 0 0 0 0        0        0         0 0 0 0        0         0 0 0 0        0         0 0 0        0         0 0 0        0         0 0        0         0 0        0         0        0         0.57735  0.816497  0        0         0        ⎥
⎣0 0 0 0 0 0 0 0 0        0        0         0 0 0 0        0         0 0 0 0        0         0 0 0        0         0 0 0        0         0 0        0         0 0        0         0        0         0        0         0.57735  0.57735   0.57735  ⎦
# non-zero entries: 68 # total: 1764

B3 -> B4: 
⎡1 0 0 0 0 0 0 0 0 0 0 0 0 0        0        0         0         0         0         0         0         0 0 0        0        0 0 0        0        0 0        0        0 0        0        0        0        0        0        0        0         0        ⎤
⎢0 0 0 0 0 0 0 0 0 0 0 0 0 0.612373 0        -0.612373 0         -0.25     0         0.433013  0         0 0 0        0        0 0 0        0        0 0        0        0 0        0        0        0        0        0        0        0         0        ⎥
⎢0 0 0 0 0 0 0 0 0 0 0 0 0 0        0.612372 0         -0.612372 0         -0.25     0         0.433013  0 0 0        0        0 0 0        0        0 0        0        0 0        0        0        0        0        0        0        0         0        ⎥
⎢0 0 0 0 0 0 0 0 0 0 0 0 0 0.5      0        0.5       0         -0.612373 0         -0.353553 0         0 0 0        0        0 0 0        0        0 0        0        0 0        0        0        0        0        0        0        0         0        ⎥
⎢0 0 0 0 0 0 0 0 0 0 0 0 0 0        0.5      0         0.5       0         -0.612373 0         -0.353553 0 0 0        0        0 0 0        0        0 0        0        0 0        0        0        0        0        0        0        0         0        ⎥
⎢0 1 0 0 0 0 0 0 0 0 0 0 0 0        0        0         0         0         0         0         0         0 0 0        0        0 0 0        0        0 0        0        0 0        0        0        0        0        0        0        0         0        ⎥
⎢0 0 1 0 0 0 0 0 0 0 0 0 0 0        0        0         0         0         0         0         0         0 0 0        0        0 0 0        0        0 0        0        0 0        0        0        0        0        0        0        0         0        ⎥
⎢0 0 0 0 0 0 0 0 0 0 0 0 0 0        0        0         0         0         0         0         0         0 0 0.866026 -0.5     0 0 0        0        0 0        0        0 0        0        0        0        0        0        0        0         0        ⎥
⎢0 0 0 1 0 0 0 0 0 0 0 0 0 0        0        0         0         0         0         0         0         0 0 0        0        0 0 0        0        0 0        0        0 0        0        0        0        0        0        0        0         0        ⎥
⎢0 0 0 0 1 0 0 0 0 0 0 0 0 0        0        0         0         0         0         0         0         0 0 0        0        0 0 0        0        0 0        0        0 0        0        0        0        0        0        0        0         0        ⎥
⎢0 0 0 0 0 0 0 0 0 0 0 0 0 0        0        0         0         0         0         0         0         0 0 0        0        0 0 0.866026 -0.5     0 0        0        0 0        0        0        0        0        0        0        0         0        ⎥
⎢0 0 0 0 0 1 0 0 0 0 0 0 0 0        0        0         0         0         0         0         0         0 0 0        0        0 0 0        0        0 0        0        0 0        0        0        0        0        0        0        0         0        ⎥
⎢0 0 0 0 0 0 1 0 0 0 0 0 0 0        0        0         0         0         0         0         0         0 0 0        0        0 0 0        0        0 0        0        0 0        0        0        0        0        0        0        0         0        ⎥
⎢0 0 0 0 0 0 0 0 0 0 0 0 0 0        0        0         0         0         0         0         0         0 0 0        0        0 0 0        0        0 0.866026 -0.5     0 0        0        0        0        0        0        0        0         0        ⎥
⎢0 0 0 0 0 0 0 1 0 0 0 0 0 0        0        0         0         0         0         0         0         0 0 0        0        0 0 0        0        0 0        0        0 0        0        0        0        0        0        0        0         0        ⎥
⎢0 0 0 0 0 0 0 0 1 0 0 0 0 0        0        0         0         0         0         0         0         0 0 0        0        0 0 0        0        0 0        0        0 0        0        0        0        0        0        0        0         0        ⎥
⎢0 0 0 0 0 0 0 0 0 0 0 0 0 0        0        0         0         0         0         0         0         0 0 0        0        0 0 0        0        0 0        0        0 0.866026 -0.5     0        0        0        0        0        0         0        ⎥
⎢0 0 0 0 0 0 0 0 0 1 0 0 0 0        0        0         0         0         0         0         0         0 0 0        0        0 0 0        0        0 0        0        0 0        0        0        0        0        0        0        0         0        ⎥
⎢0 0 0 0 0 0 0 0 0 0 1 0 0 0        0        0         0         0         0         0         0         0 0 0        0        0 0 0        0        0 0        0        0 0        0        0        0        0        0        0        0         0        ⎥
⎢0 0 0 0 0 0 0 0 0 0 0 0 0 0        0        0         0         0         0         0         0         0 0 0        0        0 0 0        0        0 0        0        0 0        0        0.866026 -0.5     0        0        0        0         0        ⎥
⎢0 0 0 0 0 0 0 0 0 0 0 1 0 0        0        0         0         0         0         0         0         0 0 0        0        0 0 0        0        0 0        0        0 0        0        0        0        0        0        0        0         0        ⎥
⎢0 0 0 0 0 0 0 0 0 0 0 0 1 0        0        0         0         0         0         0         0         0 0 0        0        0 0 0        0        0 0        0        0 0        0        0        0        0        0        0        0         0        ⎥
⎢0 0 0 0 0 0 0 0 0 0 0 0 0 0        0        0         0         0         0         0         0         0 0 0        0        0 0 0        0        0 0        0        0 0        0        0        0        0.866026 -0.5     0        0         0        ⎥
⎢0 0 0 0 0 0 0 0 0 0 0 0 0 0.612373 0        0.204124  0         0.75      0         -0.144337 0         0 0 0        0        0 0 0        0        0 0        0        0 0        0        0        0        0        0        0        0         0        ⎥
⎢0 0 0 0 0 0 0 0 0 0 0 0 0 0        0.612373 0         0.204124  0         0.75      0         -0.144338 0 0 0        0        0 0 0        0        0 0        0        0 0        0        0        0        0        0        0        0         0        ⎥
⎢0 0 0 0 0 0 0 0 0 0 0 0 0 0        0        0         0         0         0         0         0         0 0 0        0        0 0 0        0        0 0        0        0 0        0        0        0        0        0        0        0.816497  -0.577351⎥
⎢0 0 0 0 0 0 0 0 0 0 0 0 0 0        0        0.57735   0         0         0         0.816496  0         0 0 0        0        0 0 0        0        0 0        0        0 0        0        0        0        0        0        0        0         0        ⎥
⎢0 0 0 0 0 0 0 0 0 0 0 0 0 0        0        0         0.57735   0         0         0         0.816497  0 0 0        0        0 0 0        0        0 0        0        0 0        0        0        0        0        0        0        0         0        ⎥
⎢0 0 0 0 0 0 0 0 0 0 0 0 0 0        0        0         0         0         0         0         0         0 0 0        0        0 0 0        0        0 0        0        0 0        0        0        0        0        0        0.866026 -0.288675 -0.408249⎥
⎢0 0 0 0 0 0 0 0 0 0 0 0 0 0        0        0         0         0         0         0         0         1 0 0        0        0 0 0        0        0 0        0        0 0        0        0        0        0        0        0        0         0        ⎥
⎢0 0 0 0 0 0 0 0 0 0 0 0 0 0        0        0         0         0         0         0         0         0 1 0        0        0 0 0        0        0 0        0        0 0        0        0        0        0        0        0        0         0        ⎥
⎢0 0 0 0 0 0 0 0 0 0 0 0 0 0        0        0         0         0         0         0         0         0 0 0.5      0.866025 0 0 0        0        0 0        0        0 0        0        0        0        0        0        0        0         0        ⎥
⎢0 0 0 0 0 0 0 0 0 0 0 0 0 0        0        0         0         0         0         0         0         0 0 0        0        1 0 0        0        0 0        0        0 0        0        0        0        0        0        0        0         0        ⎥
⎢0 0 0 0 0 0 0 0 0 0 0 0 0 0        0        0         0         0         0         0         0         0 0 0        0        0 1 0        0        0 0        0        0 0        0        0        0        0        0        0        0         0        ⎥
⎢0 0 0 0 0 0 0 0 0 0 0 0 0 0        0        0         0         0         0         0         0         0 0 0        0        0 0 0.5      0.866025 0 0        0        0 0        0        0        0        0        0        0        0         0        ⎥
⎢0 0 0 0 0 0 0 0 0 0 0 0 0 0        0        0         0         0         0         0         0         0 0 0        0        0 0 0        0        1 0        0        0 0        0        0        0        0        0        0        0         0        ⎥
⎢0 0 0 0 0 0 0 0 0 0 0 0 0 0        0        0         0         0         0         0         0         0 0 0        0        0 0 0        0        0 0.5      0.866025 0 0        0        0        0        0        0        0        0         0        ⎥
⎢0 0 0 0 0 0 0 0 0 0 0 0 0 0        0        0         0         0         0         0         0         0 0 0        0        0 0 0        0        0 0        0        1 0        0        0        0        0        0        0        0         0        ⎥
⎢0 0 0 0 0 0 0 0 0 0 0 0 0 0        0        0         0         0         0         0         0         0 0 0        0        0 0 0        0        0 0        0        0 0.5      0.866025 0        0        0        0        0        0         0        ⎥
⎢0 0 0 0 0 0 0 0 0 0 0 0 0 0        0        0         0         0         0         0         0         0 0 0        0        0 0 0        0        0 0        0        0 0        0        0.5      0.866025 0        0        0        0         0        ⎥
⎢0 0 0 0 0 0 0 0 0 0 0 0 0 0        0        0         0         0         0         0         0         0 0 0        0        0 0 0        0        0 0        0        0 0        0        0        0        0.5      0.866025 0        0         0        ⎥
⎣0 0 0 0 0 0 0 0 0 0 0 0 0 0        0        0         0         0         0         0         0         0 0 0        0        0 0 0        0        0 0        0        0 0        0        0        0        0        0        0.5      0.5       0.707107 ⎦
# non-zero entries: 79 # total: 1764

B4 -> B5: 
⎡1 0 0 0 0 0 0 0 0 0 0 0 0 0 0 0 0 0        0        0        0         0         0         0         0         0         0          0          0          0 0        0         0 0        0         0        0         0        0         0        0         0        ⎤
⎢0 1 0 0 0 0 0 0 0 0 0 0 0 0 0 0 0 0        0        0        0         0         0         0         0         0         0          0          0          0 0        0         0 0        0         0        0         0        0         0        0         0        ⎥
⎢0 0 1 0 0 0 0 0 0 0 0 0 0 0 0 0 0 0        0        0        0         0         0         0         0         0         0          0          0          0 0        0         0 0        0         0        0         0        0         0        0         0        ⎥
⎢0 0 0 0 0 0 0 0 0 0 0 0 0 0 0 0 0 0.632456 0        0        -0.632456 0         0         -0.258199 0         0         0.365149   0          0          0 0        0         0 0        0         0        0         0        0         0        0         0        ⎥
⎢0 0 0 0 0 0 0 0 0 0 0 0 0 0 0 0 0 0        0.632456 0        0         -0.632456 0         0         -0.258199 0         0          0.365148   0          0 0        0         0 0        0         0        0         0        0         0        0         0        ⎥
⎢0 0 0 0 0 0 0 0 0 0 0 0 0 0 0 0 0 0        0        0.632455 0         0         -0.632455 0         0         -0.258199 0          0          0.365148   0 0        0         0 0        0         0        0         0        0         0        0         0        ⎥
⎢0 0 0 1 0 0 0 0 0 0 0 0 0 0 0 0 0 0        0        0        0         0         0         0         0         0         0          0          0          0 0        0         0 0        0         0        0         0        0         0        0         0        ⎥
⎢0 0 0 0 1 0 0 0 0 0 0 0 0 0 0 0 0 0        0        0        0         0         0         0         0         0         0          0          0          0 0        0         0 0        0         0        0         0        0         0        0         0        ⎥
⎢0 0 0 0 0 0 0 0 0 0 0 0 0 0 0 0 0 0.577351 0        0        0.577351  0         0         -0.471405 0         0         -0.333334  0          0          0 0        0         0 0        0         0        0         0        0         0        0         0        ⎥
⎢0 0 0 0 0 0 0 0 0 0 0 0 0 0 0 0 0 0        0.577351 0        0         0.577351  0         0         -0.471405 0         0          -0.333334  0          0 0        0         0 0        0         0        0         0        0         0        0         0        ⎥
⎢0 0 0 0 0 0 0 0 0 0 0 0 0 0 0 0 0 0        0        0.577351 0         0         0.577351  0         0         -0.471405 0          0          -0.333334  0 0        0         0 0        0         0        0         0        0         0        0         0        ⎥
⎢0 0 0 0 0 1 0 0 0 0 0 0 0 0 0 0 0 0        0        0        0         0         0         0         0         0         0          0          0          0 0        0         0 0        0         0        0         0        0         0        0         0        ⎥
⎢0 0 0 0 0 0 1 0 0 0 0 0 0 0 0 0 0 0        0        0        0         0         0         0         0         0         0          0          0          0 0        0         0 0        0         0        0         0        0         0        0         0        ⎥
⎢0 0 0 0 0 0 0 1 0 0 0 0 0 0 0 0 0 0        0        0        0         0         0         0         0         0         0          0          0          0 0        0         0 0        0         0        0         0        0         0        0         0        ⎥
⎢0 0 0 0 0 0 0 0 0 0 0 0 0 0 0 0 0 0        0        0        0         0         0         0         0         0         0          0          0          0 0.894427 -0.447214 0 0        0         0        0         0        0         0        0         0        ⎥
⎢0 0 0 0 0 0 0 0 1 0 0 0 0 0 0 0 0 0        0        0        0         0         0         0         0         0         0          0          0          0 0        0         0 0        0         0        0         0        0         0        0         0        ⎥
⎢0 0 0 0 0 0 0 0 0 1 0 0 0 0 0 0 0 0        0        0        0         0         0         0         0         0         0          0          0          0 0        0         0 0        0         0        0         0        0         0        0         0        ⎥
⎢0 0 0 0 0 0 0 0 0 0 1 0 0 0 0 0 0 0        0        0        0         0         0         0         0         0         0          0          0          0 0        0         0 0        0         0        0         0        0         0        0         0        ⎥
⎢0 0 0 0 0 0 0 0 0 0 0 0 0 0 0 0 0 0        0        0        0         0         0         0         0         0         0          0          0          0 0        0         0 0.894427 -0.447214 0        0         0        0         0        0         0        ⎥
⎢0 0 0 0 0 0 0 0 0 0 0 1 0 0 0 0 0 0        0        0        0         0         0         0         0         0         0          0          0          0 0        0         0 0        0         0        0         0        0         0        0         0        ⎥
⎢0 0 0 0 0 0 0 0 0 0 0 0 1 0 0 0 0 0        0        0        0         0         0         0         0         0         0          0          0          0 0        0         0 0        0         0        0         0        0         0        0         0        ⎥
⎢0 0 0 0 0 0 0 0 0 0 0 0 0 1 0 0 0 0        0        0        0         0         0         0         0         0         0          0          0          0 0        0         0 0        0         0        0         0        0         0        0         0        ⎥
⎢0 0 0 0 0 0 0 0 0 0 0 0 0 0 0 0 0 0        0        0        0         0         0         0         0         0         0          0          0          0 0        0         0 0        0         0.894427 -0.447214 0        0         0        0         0        ⎥
⎢0 0 0 0 0 0 0 0 0 0 0 0 0 0 1 0 0 0        0        0        0         0         0         0         0         0         0          0          0          0 0        0         0 0        0         0        0         0        0         0        0         0        ⎥
⎢0 0 0 0 0 0 0 0 0 0 0 0 0 0 0 1 0 0        0        0        0         0         0         0         0         0         0          0          0          0 0        0         0 0        0         0        0         0        0         0        0         0        ⎥
⎢0 0 0 0 0 0 0 0 0 0 0 0 0 0 0 0 1 0        0        0        0         0         0         0         0         0         0          0          0          0 0        0         0 0        0         0        0         0        0         0        0         0        ⎥
⎢0 0 0 0 0 0 0 0 0 0 0 0 0 0 0 0 0 0        0        0        0         0         0         0         0         0         0          0          0          0 0        0         0 0        0         0        0         0.894427 -0.447214 0        0         0        ⎥
⎢0 0 0 0 0 0 0 0 0 0 0 0 0 0 0 0 0 0.516398 0        0        0.129099  0         0         0.843274  0         0         -0.0745355 0          0          0 0        0         0 0        0         0        0         0        0         0        0         0        ⎥
⎢0 0 0 0 0 0 0 0 0 0 0 0 0 0 0 0 0 0        0.516398 0        0         0.129099  0         0         0.843274  0         0          -0.0745356 0          0 0        0         0 0        0         0        0         0        0         0        0         0        ⎥
⎢0 0 0 0 0 0 0 0 0 0 0 0 0 0 0 0 0 0        0        0.516398 0         0         0.129099  0         0         0.843274  0          0          -0.0745355 0 0        0         0 0        0         0        0         0        0         0        0         0        ⎥
⎢0 0 0 0 0 0 0 0 0 0 0 0 0 0 0 0 0 0        0        0        0         0         0         0         0         0         0          0          0          0 0        0         0 0        0         0        0         0        0         0        0.866026  -0.5     ⎥
⎢0 0 0 0 0 0 0 0 0 0 0 0 0 0 0 0 0 0        0        0        0.5       0         0         0         0         0         0.866025   0          0          0 0        0         0 0        0         0        0         0        0         0        0         0        ⎥
⎢0 0 0 0 0 0 0 0 0 0 0 0 0 0 0 0 0 0        0        0        0         0.5       0         0         0         0         0          0.866026   0          0 0        0         0 0        0         0        0         0        0         0        0         0        ⎥
⎢0 0 0 0 0 0 0 0 0 0 0 0 0 0 0 0 0 0        0        0        0         0         0.5       0         0         0         0          0          0.866026   0 0        0         0 0        0         0        0         0        0         0        0         0        ⎥
⎢0 0 0 0 0 0 0 0 0 0 0 0 0 0 0 0 0 0        0        0        0         0         0         0         0         0         0          0          0          0 0        0         0 0        0         0        0         0        0         0.894427 -0.223607 -0.387298⎥
⎢0 0 0 0 0 0 0 0 0 0 0 0 0 0 0 0 0 0        0        0        0         0         0         0         0         0         0          0          0          1 0        0         0 0        0         0        0         0        0         0        0         0        ⎥
⎢0 0 0 0 0 0 0 0 0 0 0 0 0 0 0 0 0 0        0        0        0         0         0         0         0         0         0          0          0          0 0.447214 0.894427  0 0        0         0        0         0        0         0        0         0        ⎥
⎢0 0 0 0 0 0 0 0 0 0 0 0 0 0 0 0 0 0        0        0        0         0         0         0         0         0         0          0          0          0 0        0         1 0        0         0        0         0        0         0        0         0        ⎥
⎢0 0 0 0 0 0 0 0 0 0 0 0 0 0 0 0 0 0        0        0        0         0         0         0         0         0         0          0          0          0 0        0         0 0.447214 0.894427  0        0         0        0         0        0         0        ⎥
⎢0 0 0 0 0 0 0 0 0 0 0 0 0 0 0 0 0 0        0        0        0         0         0         0         0         0         0          0          0          0 0        0         0 0        0         0.447214 0.894427  0        0         0        0         0        ⎥
⎢0 0 0 0 0 0 0 0 0 0 0 0 0 0 0 0 0 0        0        0        0         0         0         0         0         0         0          0          0          0 0        0         0 0        0         0        0         0.447214 0.894427  0        0         0        ⎥
⎣0 0 0 0 0 0 0 0 0 0 0 0 0 0 0 0 0 0        0        0        0         0         0         0         0         0         0          0          0          0 0        0         0 0        0         0        0         0        0         0.447214 0.447214  0.774597 ⎦
# non-zero entries: 85 # total: 1764

B5 -> B6: 
⎡1 0 0 0 0 0 0 0 0 0 0 0 0 0 0 0 0 0 0 0        0        0        0        0         0         0         0         0         0         0         0         0          0          0          0          0        0         0        0         0        0         0        ⎤
⎢0 1 0 0 0 0 0 0 0 0 0 0 0 0 0 0 0 0 0 0        0        0        0        0         0         0         0         0         0         0         0         0          0          0          0          0        0         0        0         0        0         0        ⎥
⎢0 0 1 0 0 0 0 0 0 0 0 0 0 0 0 0 0 0 0 0        0        0        0        0         0         0         0         0         0         0         0         0          0          0          0          0        0         0        0         0        0         0        ⎥
⎢0 0 0 1 0 0 0 0 0 0 0 0 0 0 0 0 0 0 0 0        0        0        0        0         0         0         0         0         0         0         0         0          0          0          0          0        0         0        0         0        0         0        ⎥
⎢0 0 0 0 1 0 0 0 0 0 0 0 0 0 0 0 0 0 0 0        0        0        0        0         0         0         0         0         0         0         0         0          0          0          0          0        0         0        0         0        0         0        ⎥
⎢0 0 0 0 0 1 0 0 0 0 0 0 0 0 0 0 0 0 0 0        0        0        0        0         0         0         0         0         0         0         0         0          0          0          0          0        0         0        0         0        0         0        ⎥
⎢0 0 0 0 0 0 0 0 0 0 0 0 0 0 0 0 0 0 0 0.645498 0        0        0        -0.645498 0         0         0         -0.25     0         0         0         0.322749   0          0          0          0        0         0        0         0        0         0        ⎥
⎢0 0 0 0 0 0 0 0 0 0 0 0 0 0 0 0 0 0 0 0        0.645497 0        0        0         -0.645497 0         0         0         -0.25     0         0         0          0.322749   0          0          0        0         0        0         0        0         0        ⎥
⎢0 0 0 0 0 0 0 0 0 0 0 0 0 0 0 0 0 0 0 0        0        0.645497 0        0         0         -0.645497 0         0         0         -0.25     0         0          0          0.322749   0          0        0         0        0         0        0         0        ⎥
⎢0 0 0 0 0 0 0 0 0 0 0 0 0 0 0 0 0 0 0 0        0        0        0.645497 0         0         0         -0.645497 0         0         0         -0.25     0          0          0          0.322749   0        0         0        0         0        0         0        ⎥
⎢0 0 0 0 0 0 1 0 0 0 0 0 0 0 0 0 0 0 0 0        0        0        0        0         0         0         0         0         0         0         0         0          0          0          0          0        0         0        0         0        0         0        ⎥
⎢0 0 0 0 0 0 0 1 0 0 0 0 0 0 0 0 0 0 0 0        0        0        0        0         0         0         0         0         0         0         0         0          0          0          0          0        0         0        0         0        0         0        ⎥
⎢0 0 0 0 0 0 0 0 1 0 0 0 0 0 0 0 0 0 0 0        0        0        0        0         0         0         0         0         0         0         0         0          0          0          0          0        0         0        0         0        0         0        ⎥
⎢0 0 0 0 0 0 0 0 0 1 0 0 0 0 0 0 0 0 0 0        0        0        0        0         0         0         0         0         0         0         0         0          0          0          0          0        0         0        0         0        0         0        ⎥
⎢0 0 0 0 0 0 0 0 0 0 1 0 0 0 0 0 0 0 0 0        0        0        0        0         0         0         0         0         0         0         0         0          0          0          0          0        0         0        0         0        0         0        ⎥
⎢0 0 0 0 0 0 0 0 0 0 0 0 0 0 0 0 0 0 0 0.612373 0        0        0        0.612373  0         0         0         -0.395285 0         0         0         -0.306187  0          0          0          0        0         0        0         0        0         0        ⎥
⎢0 0 0 0 0 0 0 0 0 0 0 0 0 0 0 0 0 0 0 0        0.612373 0        0        0         0.612373  0         0         0         -0.395285 0         0         0          -0.306186  0          0          0        0         0        0         0        0         0        ⎥
⎢0 0 0 0 0 0 0 0 0 0 0 0 0 0 0 0 0 0 0 0        0        0.612373 0        0         0         0.612373  0         0         0         -0.395285 0         0          0          -0.306186  0          0        0         0        0         0        0         0        ⎥
⎢0 0 0 0 0 0 0 0 0 0 0 0 0 0 0 0 0 0 0 0        0        0        0.612373 0         0         0         0.612373  0         0         0         -0.395285 0          0          0          -0.306186  0        0         0        0         0        0         0        ⎥
⎢0 0 0 0 0 0 0 0 0 0 0 1 0 0 0 0 0 0 0 0        0        0        0        0         0         0         0         0         0         0         0         0          0          0          0          0        0         0        0         0        0         0        ⎥
⎢0 0 0 0 0 0 0 0 0 0 0 0 1 0 0 0 0 0 0 0        0        0        0        0         0         0         0         0         0         0         0         0          0          0          0          0        0         0        0         0        0         0        ⎥
⎢0 0 0 0 0 0 0 0 0 0 0 0 0 1 0 0 0 0 0 0        0        0        0        0         0         0         0         0         0         0         0         0          0          0          0          0        0         0        0         0        0         0        ⎥
⎢0 0 0 0 0 0 0 0 0 0 0 0 0 0 1 0 0 0 0 0        0        0        0        0         0         0         0         0         0         0         0         0          0          0          0          0        0         0        0         0        0         0        ⎥
⎢0 0 0 0 0 0 0 0 0 0 0 0 0 0 0 0 0 0 0 0        0        0        0        0         0         0         0         0         0         0         0         0          0          0          0          0.912871 -0.408248 0        0         0        0         0        ⎥
⎢0 0 0 0 0 0 0 0 0 0 0 0 0 0 0 1 0 0 0 0        0        0        0        0         0         0         0         0         0         0         0         0          0          0          0          0        0         0        0         0        0         0        ⎥
⎢0 0 0 0 0 0 0 0 0 0 0 0 0 0 0 0 1 0 0 0        0        0        0        0         0         0         0         0         0         0         0         0          0          0          0          0        0         0        0         0        0         0        ⎥
⎢0 0 0 0 0 0 0 0 0 0 0 0 0 0 0 0 0 1 0 0        0        0        0        0         0         0         0         0         0         0         0         0          0          0          0          0        0         0        0         0        0         0        ⎥
⎢0 0 0 0 0 0 0 0 0 0 0 0 0 0 0 0 0 0 1 0        0        0        0        0         0         0         0         0         0         0         0         0          0          0          0          0        0         0        0         0        0         0        ⎥
⎢0 0 0 0 0 0 0 0 0 0 0 0 0 0 0 0 0 0 0 0        0        0        0        0         0         0         0         0         0         0         0         0          0          0          0          0        0         0.912871 -0.408248 0        0         0        ⎥
⎢0 0 0 0 0 0 0 0 0 0 0 0 0 0 0 0 0 0 0 0.456436 0        0        0        0.0912871 0         0         0         0.883883  0         0         0         -0.0456435 0          0          0          0        0         0        0         0        0         0        ⎥
⎢0 0 0 0 0 0 0 0 0 0 0 0 0 0 0 0 0 0 0 0        0.456436 0        0        0         0.0912871 0         0         0         0.883884  0         0         0          -0.0456435 0          0          0        0         0        0         0        0         0        ⎥
⎢0 0 0 0 0 0 0 0 0 0 0 0 0 0 0 0 0 0 0 0        0        0.456436 0        0         0         0.0912871 0         0         0         0.883884  0         0          0          -0.0456435 0          0        0         0        0         0        0         0        ⎥
⎢0 0 0 0 0 0 0 0 0 0 0 0 0 0 0 0 0 0 0 0        0        0        0.456436 0         0         0         0.0912871 0         0         0         0.883884  0          0          0          -0.0456435 0        0         0        0         0        0         0        ⎥
⎢0 0 0 0 0 0 0 0 0 0 0 0 0 0 0 0 0 0 0 0        0        0        0        0         0         0         0         0         0         0         0         0          0          0          0          0        0         0        0         0        0.894427  -0.447214⎥
⎢0 0 0 0 0 0 0 0 0 0 0 0 0 0 0 0 0 0 0 0        0        0        0        0.447214  0         0         0         0         0         0         0         0.894427   0          0          0          0        0         0        0         0        0         0        ⎥
⎢0 0 0 0 0 0 0 0 0 0 0 0 0 0 0 0 0 0 0 0        0        0        0        0         0.447214  0         0         0         0         0         0         0          0.894427   0          0          0        0         0        0         0        0         0        ⎥
⎢0 0 0 0 0 0 0 0 0 0 0 0 0 0 0 0 0 0 0 0        0        0        0        0         0         0.447214  0         0         0         0         0         0          0          0.894427   0          0        0         0        0         0        0         0        ⎥
⎢0 0 0 0 0 0 0 0 0 0 0 0 0 0 0 0 0 0 0 0        0        0        0        0         0         0         0.447214  0         0         0         0         0          0          0          0.894427   0        0         0        0         0        0         0        ⎥
⎢0 0 0 0 0 0 0 0 0 0 0 0 0 0 0 0 0 0 0 0        0        0        0        0         0         0         0         0         0         0         0         0          0          0          0          0        0         0        0         0.912871 -0.182574 -0.365148⎥
⎢0 0 0 0 0 0 0 0 0 0 0 0 0 0 0 0 0 0 0 0        0        0        0        0         0         0         0         0         0         0         0         0          0          0          0          0.408248 0.912871  0        0         0        0         0        ⎥
⎢0 0 0 0 0 0 0 0 0 0 0 0 0 0 0 0 0 0 0 0        0        0        0        0         0         0         0         0         0         0         0         0          0          0          0          0        0         0.408248 0.912871  0        0         0        ⎥
⎣0 0 0 0 0 0 0 0 0 0 0 0 0 0 0 0 0 0 0 0        0        0        0        0         0         0         0         0         0         0         0         0          0          0          0          0        0         0        0         0.408248 0.408248  0.816497 ⎦
# non-zero entries: 91 # total: 1764
