n: 4 lambdaSpace: [2, 1, 1]

B1 -> B2: 
⎡-0.707107 0.707107 0         0        0         0        0         0        0 0         0        0⎤
⎢0         0        -0.707107 0.707107 0         0        0         0        0 0         0        0⎥
⎢0         0        0         0        -0.707107 0.707107 0         0        0 0         0        0⎥
⎢0         0        0         0        0         0        -0.707107 0.707107 0 0         0        0⎥
⎢0         0        0         0        0         0        0         0        0 -0.707107 0.707107 0⎥
⎢0.707107  0.707107 0         0        0         0        0         0        0 0         0        0⎥
⎢0         0        0.707107  0.707107 0         0        0         0        0 0         0        0⎥
⎢0         0        0         0        0.707107  0.707107 0         0        0 0         0        0⎥
⎢0         0        0         0        0         0        0.707107  0.707107 0 0         0        0⎥
⎢0         0        0         0        0         0        0         0        1 0         0        0⎥
⎢0         0        0         0        0         0        0         0        0 0.707107  0.707107 0⎥
⎣0         0        0         0        0         0        0         0        0 0         0        1⎦
(# non-zero entries)/dimension = 22/12 = 1.83333

B2 -> B3: 
⎡0.57735   -0.57735 0.57735  0 0 0         0         0        0        0        0        0       ⎤
⎢0.707107  0.707107 0        0 0 0         0         0        0        0        0        0       ⎥
⎢-0.408248 0.408248 0.816497 0 0 0         0         0        0        0        0        0       ⎥
⎢0         0        0        1 0 0         0         0        0        0        0        0       ⎥
⎢0         0        0        0 1 0         0         0        0        0        0        0       ⎥
⎢0         0        0        0 0 -0.408248 -0.408248 0.816497 0        0        0        0       ⎥
⎢0         0        0        0 0 -0.707107 0.707107  0        0        0        0        0       ⎥
⎢0         0        0        0 0 0         0         0        -0.57735 0.816497 0        0       ⎥
⎢0         0        0        0 0 0         0         0        0        0        -0.57735 0.816497⎥
⎢0         0        0        0 0 0.57735   0.57735   0.57735  0        0        0        0       ⎥
⎢0         0        0        0 0 0         0         0        0.816497 0.57735  0        0       ⎥
⎣0         0        0        0 0 0         0         0        0        0        0.816497 0.57735 ⎦
(# non-zero entries)/dimension = 26/12 = 2.16667

B3 -> B4: 
⎡1 0         0         0         0        0         0         0         0        0         0         0       ⎤
⎢0 0.433013  -0.25     -0.612373 0.612373 0         0         0         0        0         0         0       ⎥
⎢0 0         0         0         0        0.433013  -0.25     -0.612373 0.612373 0         0         0       ⎥
⎢0 -0.353553 -0.612373 0.5       0.5      0         0         0         0        0         0         0       ⎥
⎢0 0         0         0         0        -0.353553 -0.612373 0.5       0.5      0         0         0       ⎥
⎢0 0.816496  0         0.57735   0        0         0         0         0        0         0         0       ⎥
⎢0 -0.144337 0.75      0.204124  0.612373 0         0         0         0        0         0         0       ⎥
⎢0 0         0         0         0        0.816497  0         0.577351  0        0         0         0       ⎥
⎢0 0         0         0         0        -0.144337 0.75      0.204124  0.612373 0         0         0       ⎥
⎢0 0         0         0         0        0         0         0         0        -0.408249 -0.288675 0.866026⎥
⎢0 0         0         0         0        0         0         0         0        -0.577351 0.816497  0       ⎥
⎣0 0         0         0         0        0         0         0         0        0.707107  0.5       0.5     ⎦
(# non-zero entries)/dimension = 37/12 = 3.08333
