n: 5 lambdaSpace: [3, 2]

B1 -> B2: 
⎡0 0 0.707107 -0.707107 0 0        0         0        0         0⎤
⎢0 0 0        0         0 0.707107 -0.707107 0        0         0⎥
⎢0 0 0        0         0 0        0         0.707107 -0.707107 0⎥
⎢1 0 0        0         0 0        0         0        0         0⎥
⎢0 1 0        0         0 0        0         0        0         0⎥
⎢0 0 0.707107 0.707107  0 0        0         0        0         0⎥
⎢0 0 0        0         1 0        0         0        0         0⎥
⎢0 0 0        0         0 0.707107 0.707107  0        0         0⎥
⎢0 0 0        0         0 0        0         0.707107 0.707107  0⎥
⎣0 0 0        0         0 0        0         0        0         1⎦
# non-zero entries: 16 # total: 100

B2 -> B3: 
⎡1 0 0 0 0        0         0        0         0        0        ⎤
⎢0 0 0 0 0.816497 -0.577351 0        0         0        0        ⎥
⎢0 1 0 0 0        0         0        0         0        0        ⎥
⎢0 0 0 0 0        0         0.816497 -0.577351 0        0        ⎥
⎢0 0 1 0 0        0         0        0         0        0        ⎥
⎢0 0 0 0 0        0         0        0         0.577351 -0.816497⎥
⎢0 0 0 1 0        0         0        0         0        0        ⎥
⎢0 0 0 0 0.57735  0.816497  0        0         0        0        ⎥
⎢0 0 0 0 0        0         0.57735  0.816497  0        0        ⎥
⎣0 0 0 0 0        0         0        0         0.816497 0.57735  ⎦
# non-zero entries: 16 # total: 100

B3 -> B4: 
⎡0 0 0.707107 0        -0.707107 0         0        0        0        0        ⎤
⎢0 0 0        0.707107 0         -0.707107 0        0        0        0        ⎥
⎢1 0 0        0        0         0         0        0        0        0        ⎥
⎢0 1 0        0        0         0         0        0        0        0        ⎥
⎢0 0 0        0        0         0         0.866026 -0.5     0        0        ⎥
⎢0 0 0.707107 0        0.707107  0         0        0        0        0        ⎥
⎢0 0 0        0.707107 0         0.707107  0        0        0        0        ⎥
⎢0 0 0        0        0         0         0        0        0.707107 -0.707107⎥
⎢0 0 0        0        0         0         0.5      0.866025 0        0        ⎥
⎣0 0 0        0        0         0         0        0        0.707107 0.707107 ⎦
# non-zero entries: 18 # total: 100

B4 -> B5: 
⎡1 0 0        0        0        0         0         0         0        0        ⎤
⎢0 1 0        0        0        0         0         0         0        0        ⎥
⎢0 0 0.816498 0        0        -0.577351 0         0         0        0        ⎥
⎢0 0 0        0.816497 0        0         -0.577351 0         0        0        ⎥
⎢0 0 0        0        0.816497 0         0         -0.577351 0        0        ⎥
⎢0 0 0.57735  0        0        0.816497  0         0         0        0        ⎥
⎢0 0 0        0.57735  0        0         0.816497  0         0        0        ⎥
⎢0 0 0        0        0.57735  0         0         0.816497  0        0        ⎥
⎢0 0 0        0        0        0         0         0         0.774597 -0.632456⎥
⎣0 0 0        0        0        0         0         0         0.632456 0.774597 ⎦
# non-zero entries: 18 # total: 100
