n: 4 lambdaSpace: [2, 1, 1]

B1 -> B2: 
⎡0 0.707107 -0.707107 0 0        0         0        0         0        0         0        0        ⎤
⎢0 0        0         0 0.707107 -0.707107 0        0         0        0         0        0        ⎥
⎢0 0        0         0 0        0         0.707107 -0.707107 0        0         0        0        ⎥
⎢0 0        0         0 0        0         0        0         0.707107 -0.707107 0        0        ⎥
⎢0 0        0         0 0        0         0        0         0        0         0.707107 -0.707107⎥
⎢1 0        0         0 0        0         0        0         0        0         0        0        ⎥
⎢0 0.707107 0.707107  0 0        0         0        0         0        0         0        0        ⎥
⎢0 0        0         1 0        0         0        0         0        0         0        0        ⎥
⎢0 0        0         0 0.707107 0.707107  0        0         0        0         0        0        ⎥
⎢0 0        0         0 0        0         0.707107 0.707107  0        0         0        0        ⎥
⎢0 0        0         0 0        0         0        0         0.707107 0.707107  0        0        ⎥
⎣0 0        0         0 0        0         0        0         0        0         0.707107 0.707107 ⎦
# non-zero entries: 22 # total: 144

B2 -> B3: 
⎡0 0 0.57735  -0.57735 0.57735   0        0        0        0        0        0         0        ⎤
⎢1 0 0        0        0         0        0        0        0        0        0         0        ⎥
⎢0 0 0        0        0         0.816497 -0.57735 0        0        0        0         0        ⎥
⎢0 1 0        0        0         0        0        0        0        0        0         0        ⎥
⎢0 0 0        0        0         0        0        0.816497 -0.57735 0        0         0        ⎥
⎢0 0 0.816497 0.408248 -0.408248 0        0        0        0        0        0         0        ⎥
⎢0 0 0        0        0         0        0        0        0        0        0.707107  -0.707107⎥
⎢0 0 0        0.707107 0.707107  0        0        0        0        0        0         0        ⎥
⎢0 0 0        0        0         0        0        0        0        0.816497 -0.408248 -0.408248⎥
⎢0 0 0        0        0         0.57735  0.816497 0        0        0        0         0        ⎥
⎢0 0 0        0        0         0        0        0.57735  0.816497 0        0         0        ⎥
⎣0 0 0        0        0         0        0        0        0        0.57735  0.57735   0.57735  ⎦
# non-zero entries: 26 # total: 144

B3 -> B4: 
⎡1 0        0        0         0         0         0         0         0         0        0         0        ⎤
⎢0 0.612373 0        -0.612373 0         -0.25     0         0.433013  0         0        0         0        ⎥
⎢0 0        0.612373 0         -0.612373 0         -0.25     0         0.433013  0        0         0        ⎥
⎢0 0.5      0        0.5       0         -0.612373 0         -0.353553 0         0        0         0        ⎥
⎢0 0        0.5      0         0.5       0         -0.612373 0         -0.353553 0        0         0        ⎥
⎢0 0.612373 0        0.204124  0         0.75      0         -0.144337 0         0        0         0        ⎥
⎢0 0        0.612373 0         0.204124  0         0.75      0         -0.144338 0        0         0        ⎥
⎢0 0        0        0         0         0         0         0         0         0        0.816497  -0.57735 ⎥
⎢0 0        0        0.577351  0         0         0         0.816496  0         0        0         0        ⎥
⎢0 0        0        0         0.57735   0         0         0         0.816497  0        0         0        ⎥
⎢0 0        0        0         0         0         0         0         0         0.866026 -0.288675 -0.408249⎥
⎣0 0        0        0         0         0         0         0         0         0.5      0.5       0.707107 ⎦
# non-zero entries: 37 # total: 144
